000000000000000000000000
111001100100000100110110
110100010100111111011000
110001000101101111011011
110000000000000000000001
110000100100110100111101
110001111100011100001001
110011001101101010011111
110011110010111011110000
110011100100100001011111
110010110101000010001101
110010000011011001111111
110001101001111100111101
110001110010011010110000
110010010011110011011111
110010111001101000010100
110011001111110111010011
110011001101000110011000
110010110110000111010000
110010011001110001100000
110010001000001101000101
110010001010001101010101
110010011101010110001000
110010110110010001001100
110011000111100001100100
110011001000111001000101
110010111011010101101001
110010100111110010000111
110010011001101110000010
110010011000110110101000
110010100101001110010101
110010110111101100101110
110011000110010011000000
110011001001110001000000
110011000001010101110110
110010110010110001101111
110010100110110101110100
110010100100011000011010
110010101100101101001000
110010111011001010010010
110011000111111110111011
110011001100101100001000
110011000111100011100000
110010111100010101000000
110010110001111011000110
110010101110011111010011
110010110100000100110111
110010111111101100010001
110011001011001010001000
110011010000101000110011
110011001101110100100101
110011000101000011110011
110010111011111000011000
110010110111110101010101
110010111011011011010111
110011000100110111101100
110011001111001101010101
110011010101001010111101
110011010100000101100101
110011001101010001000001
110011000101001001000000
110011000000101101111011
110011000010110010110001
110011001010011110111011
110011010011110100111100
110011011010000100101110
110011011010010101001001
110011010101000110110010
110011001101111011010111
110011001001010011001100
110011001010001011111001
110011010000011010010001
110011011000110110001011
110011011111001110100101
110011100000100010110100
110011011100101011000010
110011010110010111101011
110011010001101010110011
110011010001100110111111
110011010110100101000011
110011011110001010101000
110011100100100100001111
110011100110101110100010
110011100100000001100010
110011011110100011000000
110011011001111000000111
110011011001000100000000
110011011100111100001110
110011100011101110010010
110011101010000011000011
110011101100111000011011
110011101011001100110010
110011100110100000100100
110011100001111101001000
110011100000100010101100
110011100011011101101001
110011101001011110100001
110011101111101001011100
110011110011000000110001
110011110010001110101000
110011101110010010100011
110011101001111011001001
110011101000000010110011
110011101010000111110001
110011101111011001100000
110011110101010110011001
110011111001000111111001
110011111001001000011011
110011110101111010011111
110011110001110010111011
110011101111100011111011
110011110000111001010110
110011110101011101111010
110011111011001001010011
110011111111001110001010
110011111111111011010000
110011111101011001100001
110011111001100100111110
110011110111000101101100
110011110111110001011011
110011111011101010110011
110100000001000001110010
110100000101010100000000
110100000110101000000011
110100000100110000011110
110100000001010001100110
110011111110100111101101
110011111110101111001000
110100000001111111011000
110100000110111111100110
110100001011011001110100
110100001101001111100110
110100001100000000000100
110100001000111000111101
110100000110001001100001
110100000101110001101110
110100001000011011000010
110100001101000010100101
110100010001100000000010
110100010011110010100111
110100010011001000111000
110100010000011011001100
110100001101101010101111
110100001100111000100000
110100001110111101001100
110100010011001010101011
110100010111100111000011
110100011010010001110001
110100011010001011011011
110100010111111000010111
110100010101001010111101
110100010100000010110101
110100010101100101011000
110100011001010111110010
110100011101101111010001
110100100000101101101011
110100100001001000001101
110100011111010000100001
110100011100101001110000
110100011011010000000101
110100011100010011000110
110100011111101001111001
110100100011111001000110
110100100111000110111100
110100100111111111101001
110100100110100011101111
110100100100000110110010
110100100010011111101101
110100100011000101111011
110100100110000000111001
110100101010000100110111
110100101101011110001000
110100101110110010001110
110100101101110010000101
110100101011100001101101
110100101001110001001000
110100101001111101011010
110100101100011100101111
110100110000010010111010
110100110011110011110011
110100110101100000010111
110100110100111011101001
110100110010111010001011
110100110001000011110100
110100110000111001000101
110100110010111101010100
110100110110100011100010
110100111010001000011101
110100111100001010100010
110100111100000000100010
110100111010001111111100
110100111000010111010000
110100110111111000100001
110100111001100010011111
110100111100110111000000
110101000000011100100111
110101000010110001001011
110101000011000000111001
110101000001100010110000
110100111111101010111100
110100111110111011001111
110101000000001100000110
110101000011001101100010
110101000110110000101111
110101001001010100110000
110101001001111100111010
110101001000110010011001
110101000110111110011100
110101000110000000110100
110101000110111001111110
110101001001100111010100
110101001101000101010011
110101001111110101101110
110101010000110100110010
110101001111111110101101
110101001110010001010010
110101001101001000110000
110101001101101011110111
110101010000000100100000
110101010011011010101100
110101010110010100100010
110101010111101000110000
110101010111000111100101
110101010101100011000110
110101010100010010101000
110101010100100001100010
110101010110100101001010
110101011001110001010101
110101011100110001101001
110101011110011001000100
110101011110001100111100
110101011100110011100000
110101011011011101111110
110101011011011010101101
110101011101001001010110
110101100000001001100010
110101100011001101100001
110101100101000110000011
110101100101001110110000
110101100100000010001010
110101100010101010010110
110101100010010111000100
110101100011110001000101
110101100110100011101001
110101101001101000100101
110101101011101111111111
110101101100001101000010
110101101011001110110010
110101101001110111010100
110101101001010110010011
110101101010011100010101
110101101100111111111011
110101110000000011010000
110101110010010111001111
110101110011000111110110
110101110010011001000111
110101110001000100011100
110101110000011000000011
110101110001001011000000
110101110011011110100110
110101110110011101111110
110101111000111100001001
110101111001111111010001
110101111001100000111100
110101111000010001010111
110101110111011011111101
110101110111111101000000
110101111001111111110111
110101111100111001000110
110101111111011111000100
110110000000110011011101
110110000000100110000110
110101111111011101101010
110101111110100001101010
110101111110110010001001
110110000000100011111000
110110000011010101000000
110110000110000000011001
110110000111100100100101
110110000111101000011101
110110000110101001000001
110110000101101000110010
110110000101101010010001
110110000111001010101110
110110001001110010000010
110110001100100000011111
110110001110010010110110
110110001110100111111100
110110001101110011000110
110110001100110000111011
110110001100100101001000
110110001101110100011110
110110010000010000011110
110110010010111111110000
110110010100111110011111
110110010101100100100001
110110010100111011101000
110110010011111001101111
110110010011100010011110
110110010100100001001001
110110010110110000100111
110110011001011110100010
110110011011100111110001
110110011100011110001100
110110011100000010010101
110110011011000010110101
110110011010100010000011
110110011011010000101100
110110011101010010101011
110110011111111101001101
110110100010001110111111
110110100011010101000000
110110100011000111000000
110110100010001011111000
110110100001100011100010
110110100010000011000011
110110100011110110110111
110110100110011100000111
110110101000110100011011
110110101010001001000011
110110101010001001011111
110110101001010100100000
110110101000100110101010
110110101000111000001000
110110101010011101010100
110110101100111011100101
110110101111011000011010
110110110000111010011100
110110110001001001100111
110110110000011100011010
110110101111101011000100
110110101111101111110010
110110110001000110001011
110110110011011011111011
110110110101111011010000
110110110111101001010110
110110111000000111010100
110110110111100011010011
110110110110110000011011
110110110110101001110101
110110110111110001100001
110110111001111101011011
110110111100011101010011
110110111110010101111101
110110111111000010100000
110110111110101000111010
110110111101110110011100
110110111101100110000100
110110111110011111010110
110111000000100000010101
110111000010111110111000
110111000101000000011111
110111000101111011001100
110111000101101101000000
110111000100111100110001
110111000100100100010010
110111000101001111101100
110111000111000100110111
110111001001100000010010
110111001011101001001011
110111001100110001011001
110111001100101111010110
110111001100000011000110
110111001011100100001101
110111001100000010011111
110111001101101011001110
110111010000000001110111
110111010010010000010001
110111010011100101001011
110111010011101111110011
110111010011001001000111
110111010010100101100101
110111010010110111101011
110111010100010011100100
110111010110100011111001
110111011000110110000011
110111011010010110100111
110111011010101110001110
110111011010001110100010
110111011001101000001000
110111011001101111001001
110111011010111101111111
110111011101000110101010
110111011111011010110011
110111100001000101110110
110111100001101010011111
110111100001010011000101
110111100000101011100011
110111100000101000101111
110111100001101010100101
110111100011101010011011
110111100101111110110101
110111100111110011000010
110111101000100100100100
110111101000010110100000
110111100111101111100101
110111100111100100010010
110111101000011001011001
110111101010001111011010
110111101100100010011010
110111101110011110010111
110111101111011100011011
110111101111011000100110
110111101110110011111001
110111101110100001100101
110111101111001010011100
110111110000110101110110
110111110011000101110101
110111110101001000000011
110111110110010010000100
110111110110011001001011
110111110101111000001110
110111110101100000011011
110111110101111101101011
110111110111011101111000
110111111001101001011000
110111111011110000010011
110111111101000101100010
110111111101011000000010
110111111100111100010010
110111111100100000100101
110111111100110011000011
110111111110000111101100
111000000000001101010101
111000000010010111010111
111000000011110110111010
111000000100010101000110
111000000011111111110100
111000000011100001110010
111000000011101010011101
111000000100110011010111
111000000110110001111100
111000001000111101100000
111000001010100110010011
111000001011010000001110
111000001011000010100100
111000001010100011110010
111000001010100011110010
111000001011100001000000
111000001101010111011100
111000001111100010111111
111000010001010011110110
111000010010001001010111
111000010010000100010100
111000010001100110010101
111000010001011110111000
111000010010010000101001
111000010011111110000011
111000010110001000000100
111000010111111111101110
111000011001000000100000
111000011001000100110111
111000011000101001001000
111000011000011011100100
111000011001000010010011
111000011010100101111110
111000011100101101000001
111000011110101010000110
111000011111110101101000
111000100000000100000000
111000011111101011111011
111000011111011001101001
111000011111110101111100
111000100001001111010111
111000100011010010000101
111000100101010011001011
111000100110101000110011
111000100111000001100111
111000100110101110011111
111000100110011000111001
111000100110101011100001
111000100111111010010111
111000101001110111100001
111000101011111011001101
111000101101011010000011
111000101101111101100011
111000101101110000100011
111000101101011001000110
111000101101100010111101
111000101110100111000100
111000110000011101100101
111000110010100010011000
111000110100001001100000
111000110100110111101110
111000110100110001111001
111000110100011010000001
111000110100011100001001
111000110101010101100100
111000110111000100011101
111000111001001000111110
111000111010110111010001
111000111011110000000110
111000111011110010010011
111000111011011011011011
111000111011010110111100
111000111100000101111010
111000111101101100010111
111000111111101111001110
111001000001100011100000
111001000010100110100111
111001000010110001100101
111001000010011101000011
111001000010010011001100
111001000010111000000110
111001000100010101011111
111001000110010101010110
111001001000001110011001
111001001001011011010010
111001001001101111100101
111001001001011110101010
111001001001010000101101
111001001001101100000111
111001001010111111111110
111001001100111011100111
111001001110111000000110
111001010000001110001001
111001010000101100001001
111001010000100000000001
111001010000001111010010
111001010000100001111011
111001010001101011111101
111001010011100010001111
111001010101100000110101
111001010110111111010000
111001010111100111001010
111001010111100000111010
111001010111001110101111
111001010111011001011100
111001011000011001100010
111001011010001001011100
111001011100001000110100
111001011101101110101100
111001011110100000100010
111001011110100001000111
111001011110001110110100
111001011110010010100100
111001011111001000110001
111001100000110001011100
111001100010110000010001
111001100100011100100110
111001100101011000001111
111001100101100000011100
111001100101001111010101
111001100101001101001011
111001100101111001101110
111001100111011010011010
111001101001010111011011
111001101011001001000101
111001101100001110001101
111001101100011110101100
111001101100010000000001
111001101100001001000111
111001101100101100011000
111001101110000100100010
111001101111111110100000
111001110001110100010101
111001110011000010011101
111001110011011011101110
111001110011010000101011
111001110011000110001101
111001110011100000110000
111001110100101111111100
111001110110100101101110
111001111000011110100000
111001111001110101000010
111001111010010111011011
111001111010010001000101
111001111010000100010001
111001111010010110110010
111001111011011100101111
111001111101001101010100
111001111111000111110010
111010000000100101111110
111010000001010001101001
111010000001010001000001
111010000001000011001000
111010000001001110011010
111010000010001011000011
111010000011110101011110
111010000101110000011001
111010000111010101011000
111010001000001010010110
111010001000010000010010
111010001000000010100100
111010001000000111100010
111010001000111010111011
111010001010011110011001
111010001100011000100010
111010001110000011010101
111010001111000001011100
111010001111001110101100
111010001111000010010111
111010001111000010000001
111010001111101100011010
111010010001001000010000
111010010011000000011011
111010010100110000000000
111010010101110110111100
111010010110001100000110
111010010110000010010011
111010010101111101101111
111010010110011111100001
111010010111110011001100
111010011001101000010001
111010011011011011100000
111010011100101010110100
111010011101001000010101
111010011101000010001100
111010011100111010100001
111010011101010100001110
111010011110011111011000
111010100000010000010001
111010100010000110000001
111010100011011101000110
111010100100000011010001
111010100100000001110011
111010100011111000001101
111010100100001010011110
111010100101001100111001
111010100110111000101001
111010101000101111101111
111010101010001101110111
111010101010111100110101
111010101011000000111100
111010101010110110100110
111010101011000010001110
111010101011111011110110
111010101101100001100110
111010101111011000110110
111010110000111101001100
111010110001110100111011
111010110001111111011011
111010110001110101100001
111010110001111011011000
111010110010101100010010
111010110100001011010010
111010110110000001100010
111010110111101011001011
111010111000101011100000
111010111000111101000101
111010111000110100101111
111010111000110101110011
111010111001011110001111
111010111010110101111001
111010111100101010000000
111010111110010111111100
111010111111100000100011
111010111111111001110000
111010111111110100000101
111010111111110001010111
111011000000010001101111
111011000001100001100011
111011000011010010011110
111011000101000011101000
111011000110010100000101
111011000110110101010011
111011000110110011010100
111011000110101101111011
111011000111000110110000
111011001000001110011001
111011001001111011001000
111011001011101110011010
111011001101000110000110
111011001101101111100110
111011001101110010010010
111011001101101011010100
111011001101111101001111
111011001110111100100010
111011010000100100001010
111011010010011000011101
111011010011110110101100
111011010100101000100100
111011010100110000110001
111011010100101001010111
111011010100110101001000
111011010101101100000010
111011010111001101110001
111011011001000001111101
111011011010100101111010
111011011011100000001000
111011011011101110100101
111011011011100111110110
111011011011101110010101
111011011100011100111110
111011011101111000000111
111011011111101011000101
111011100001010011110111
111011100010010110001111
111011100010101011100110
111011100010100110100111
111011100010101000101111
111011100011001111011000
111011100100100011010110
111011100110010100000010
111011101000000000101011
111011101001001010111001
111011101001100111101001
111011101001100101011101
111011101001100100001110
111011101010000011001111
111011101011001111101000
111011101100111101000000
111011101110101100100000
111011101111111110000101
111011110000100010100101
111011110000100100001011
111011110000100000101000
111011110000111000100011
111011110001111101000011
111011110011100110001101
111011110101010111011110
111011110110101111110110
111011110111011100010100
111011110111100010100101
111011110111011101110011
111011110111101111010001
111011111000101011101111
111011111010001111110010
111011111100000001110001
111011111101100000001111
111011111110010100110000
111011111110100000100001
111011111110011011100100
111011111110100111010100
111011111111011011101111
111100000000111001111101
111100000010101011100100
111100000100001111010101
111100000101001011110110
111100000101011101110010
111100000101011001101110
111100000101100000100110
111100000110001101001000
111100000111100100110111
111100001001010101000010
111100001010111101001111
111100001100000001100010
111100001100011010001111
111100001100011000001000
111100001100011011000010
111100001100111111111011
111100001110010000101001
111100001111111110011000
111100010001101010000100
111100010010110101110100
111100010011010101101110
111100010011010110100011
111100010011010110011110
111100010011110100001001
111100010100111101011101
111100010110100111110010
111100011000010101111101
111100011001101000101100
111100011010010000001001
111100011010010100110101
111100011010010010110001
111100011010101001101111
111100011011101011011001
111100011101010001011011
111100011111000001000100
111100100000011010001100
111100100001001001011000
111100100001010010110010
111100100001001111110010
111100100001100000101011
111100100010011010100100
111100100011111011011111
111100100101101011100010
111100100111001010011000
111100101000000001010110
111100101000010000001111
111100101000001101010101
111100101000011000111001
111100101001001011000010
111100101010100110001000
111100101100010101100100
111100101101111001010101
111100101110111000000000
111100101111001101000001
111100101111001011001111
111100101111010010010011
111100101111111100110101
111100110001010001100001
111100110010111111010101
111100110100100111001010
111100110101101101010011
111100110110001000111111
111100110110001001010110
111100110110001100110010
111100110110110000000000
111100110111111101110010
111100111001101000111111
111100111011010011111101
111100111100100001001110
111100111101000100000001
111100111101000111011100
111100111101001000001110
111100111101100100100011
111100111110101011000100
111101000000010010101111
111101000001111111111000
111101000011010011110011
111101000011111101111110
111101000100000101010111
111101000100000100011110
111101000100011010011011
111101000101011001011110
111101000110111100110000
111101001000101011000100
111101001010000101000010
111101001010110110110000
111101001011000010111011
111101001011000001011000
111101001011010001100110
111101001100001001000100
111101001101100111001101
111101001111010101101011
111101010000110101000001
111101010001101110010011
111101010001111111111110
111101010001111110110001
111101010010001010000000
111101010010111001111101
111101010100010010010000
111101010101111111111000
111101010111100011110100
111101011000100100100011
111101011000111100010110
111101011000111100011111
111101011001000011100010
111101011001101100001001
111101011010111110000100
111101011100101001110110
111101011110010001100010
111101011111011001011110
111101011111110111111001
111101011111111010010110
111101011111111110000111
111101100000011111101010
111101100001101010110000
111101100011010011110001
111101100100111110010001
111101100110001101000100
111101100110110010011111
111101100110111000001011
111101100110111001100101
111101100111010100100001
111101101000011000011101
111101101001111101110011
111101101011101010001100
111101101100111111010101
111101101101101100000001
111101101101110101110011
111101101101110101110100
111101101110001010101011
111101101111000111010001
111101110000101000001000
111101110010010101011010
111101110011110000010100
111101110100100100011010
111101110100110011000011
111101110100110010101010
111101110101000010000110
111101110101110111010010
111101110111010010111010
111101111001000000000110
111101111010100000000101
111101111011011011100011
111101111011101111110000
111101111011101111111101
111101111011111010101100
111101111100101000100010
111101111101111110010100
111101111111101010011011
111110000001001110101101
111110000010010001011011
111110000010101011110000
111110000010101101100010
111110000010110100011001
111110000011011011000110
111110000100101010011111
111110000110010100100011
111110000111111100010010
111110001001000110000000
111110001001100110111100
111110001001101011001110
111110001001101111000101
111110001010001110111101
111110001011010111100011
111110001100111110101010
111110001110101000111011
111110001111111001010001
111110010000100001001010
111110010000101000110101
111110010000101010100111
111110010001000100001000
111110010010000101101000
111110010011101000111011
111110010101010100110010
111110010110101011001111
111110010111011010010100
111110010111100110001101
111110010111100110111000
111110010111111010100100
111110011000110100110101
111110011010010011100000
111110011100000000000000
111110011101011011111101
111110011110010010010100
111110011110100011001100
111110011110100011101101
111110011110110010001111
111110011111100101001101
111110100000111110100101
111110100010101010101110
111110100100001011011111
111110100101001001000111
111110100101011111100110
111110100101100000111101
111110100101101011000011
111110100110010110110101
111110100111101010010010
111110101001010101001000
111110101010111001111010
111110101011111110101000
111110101100011011010010
111110101100011110011100
111110101100100100111011
111110101101001001101111
111110101110010110110010
111110101111111111010111
111110110001100111010101
111110110010110010110111
111110110011010110001001
111110110011011011111111
111110110011011111101111
111110110011111101111011
111110110101000100001011
111110110110101001101000
111110111000010011110111
111110111001100101110011
111110111010010000000001
111110111010011001011100
111110111010011011011001
111110111010110011011010
111110111011110010100110
111110111101010100000100
111110111110111111101001
111111000000010111011110
111111000001001000110101
111111000001010110101000
111111000001010111101110
111111000001101010001000
111111000010100010001000
111111000011111110110111
111111000101101010110011
111111000111000111111011
111111001000000000011111
111111001000010011011000
111111001000010100100101
111111001000100010000011
111111001001010010110111
111111001010101010001011
111111001100010101100001
111111001101110111001101
111111001110110110111100
111111001111001111100010
111111001111010001110011
111111001111011011000111
111111010000000100110101
111111010001010110001001
111111010010111111111101
111111010100100101011010
111111010101101100000111
111111010110001010111101
111111010110001111001111
111111010110010101001011
111111010110111000000100
111111011000000010111010
111111011001101010010000
111111011011010010101001
111111011100100000000001
111111011101000101100001
111111011101001100101101
111111011101010000001011
111111011101101100100101
111111011110110000100111
111111100000010100100111
111111100001111111000001
111111100011010010101001
111111100011111111000110
111111100100001010000011
111111100100001011111101
111111100100100010011000
111111100101011111010110
111111100110111111001100
111111101000101010101011
111111101010000100000000
111111101010110111100110
111111101011000111000101
111111101011001000011000
111111101011011001011010
111111101100001111001100
111111101101101010001001
111111101111010101110000
111111110000110100001010
111111110001101110111011
111111110010000011101001
111111110010000101010100
111111110010010001100111
111111110011000000010000
111111110100010101101001
111111110110000000011011
111111110111100011001100
111111111000100101000010
111111111000111111100110
111111111001000010100100
111111111001001010111010
111111111001110010100011
111111111011000001110110
111111111100101010110101
111111111110010001001001
111111111111011001111001
111111111111111010110011
000000000000000000000000
000000000000000101001101
000000000000100110000111
000000000001101110110111
000000000011010101001011
000000000100111110001010
000000000110001101011101
000000000110110101000110
000000000110111101011100
000000000111000000011010
000000000111011010111110
000000001000011100110100
000000001001111111100101
000000001011101010010111
000000001100111111110000
000000001101101110011001
000000001101111010101100
000000001101111100010111
000000001110010001000101
000000001111001011110110
000000010000101010010000
000000010010010101110111
000000010011110000110100
000000010100100110100110
000000010100110111101000
000000010100111000111011
000000010101001000011010
000000010101111100000000
000000010111010101010101
000000011001000000110100
000000011010100000101010
000000011011011101101000
000000011011110100000011
000000011011110101111101
000000011100000000111010
000000011100101101010111
000000011110000000111111
000000011111101011011001
000000100001001111011001
000000100010010011011011
000000100010101111110101
000000100010110011010011
000000100010111010011111
000000100011011111111111
000000100100101101010111
000000100110010101110000
000000100111111101000110
000000101001000111111100
000000101001101010110101
000000101001110000110001
000000101001110101000011
000000101010010011111001
000000101011011010100110
000000101101000000000011
000000101110101001110111
000000101111111011001011
000000110000100100111001
000000110000101110001101
000000110000110000011110
000000110001001001000100
000000110010001000110011
000000110011101010011111
000000110101010101110101
000000110110101101001001
000000110111011101111101
000000110111101011011011
000000110111101100101000
000000110111111111100001
000000111000111000000101
000000111010010101001101
000000111100000001001001
000000111101011101111000
000000111110010101111000
000000111110101000010010
000000111110101001011000
000000111110110111001011
000000111111101000100010
000001000001000000010111
000001000010101011111100
000001000100001101011010
000001000101001100100110
000001000101100100100111
000001000101100110100100
000001000101101111111111
000001000110011010001101
000001000111101100001001
000001001001010110011000
000001001010111011110101
000001001100000010000101
000001001100100000010001
000001001100100100000001
000001001100101001110111
000001001101001101001001
000001001110011000101011
000001010000000000101001
000001010001101001001110
000001010010110110010001
000001010011011011000101
000001010011100001100100
000001010011100100101110
000001010100000001011000
000001010101000110000110
000001010110101010111000
000001011000010101101110
000001011001101001001011
000001011010010100111101
000001011010011111000011
000001011010100000011010
000001011010110110111001
000001011011110100100001
000001011101010101010010
000001011111000001011011
000001100000011010110011
000001100001001101110001
000001100001011100010011
000001100001011100110100
000001100001101101101100
000001100010100100000011
000001100100000000000000
000001100101101100100000
000001100111001011001011
000001101000000101011100
000001101000011001001000
000001101000011001110011
000001101000100101101100
000001101001010100110001
000001101010101011001110
000001101100010111000101
000001101101111010011000
000001101110111011111000
000001101111010101011001
000001101111010111001011
000001101111011110110110
000001110000000110101111
000001110001010111000101
000001110011000001010110
000001110100101000011101
000001110101110001000011
000001110110010000111011
000001110110010100110010
000001110110011001000100
000001110110111010000000
000001111000000011101110
000001111001101011011101
000001111011010101100001
000001111100100100111010
000001111101001011100111
000001111101010010011110
000001111101010100010000
000001111101101110100101
000001111110110001010011
000010000000010101100101
000010000010000001101100
000010000011010111011110
000010000100000101010100
000010000100010000000011
000010000100010000010000
000010000100100100011101
000010000101011111111011
000010000110111111111010
000010001000101101000110
000010001010001000101110
000010001010111101111010
000010001011001101010110
000010001011001100111101
000010001011011011100110
000010001100001111101100
000010001101101010100110
000010001111010111111000
000010010000111000101111
000010010001110101010101
000010010010001010001100
000010010010001010001101
000010010010010011111111
000010010011000000101011
000010010100010101110100
000010010110000010001101
000010010111100111100011
000010011000101011011111
000010011001000110011011
000010011001000111110101
000010011001001101100001
000010011001110010111100
000010011011000001101111
000010011100101100001111
000010011110010101010000
000010011111100000010110
000010100000000001111001
000010100000000101101010
000010100000001000000111
000010100000100110100010
000010100001101110011110
000010100011010110001010
000010100101000001111100
000010100110010011110111
000010100110111100011110
000010100111000011100001
000010100111000011101010
000010100111011011011101
000010101000011100001100
000010101010000000001000
000010101011101101110000
000010101101000110000011
000010101101110110000000
000010101110000001001111
000010101110000000000010
000010101110010001101101
000010101111001010111111
000010110000101010010101
000010110010011000110011
000010110011110110111100
000010110100101110011010
000010110100111110101000
000010110100111101000101
000010110101001001010000
000010110101111010111110
000010110111010100111100
000010111001000011010000
000010111010100110100010
000010111011100101100101
000010111011111011100010
000010111011111010101001
000010111100000010000010
000010111100101100001101
000010111110000000001000
000010111111101101010001
000011000001010100111100
000011000010011011011101
000011000010110111110010
000011000010111000100100
000011000010111011111111
000011000011011110110010
000011000100101100000011
000011000110010111000001
000011001000000010001110
000011001001010000000000
000011001001110011001110
000011001001110110101010
000011001001110111000001
000011001010010010101101
000011001011011000110110
000011001101000000101011
000011001110101110011111
000011010000000011001011
000011010000101101101101
000011010000110100110001
000011010000110010111111
000011010001001000000000
000011010010000110101011
000011010011101010011100
000011010101011001111000
000011010110110100111110
000011010111100111000111
000011010111110010101011
000011010111101111110001
000011010111111110101010
000011011000110101101000
000011011010010100011110
000011011100000100100001
000011011101100101011100
000011011110011111010101
000011011110110000001110
000011011110101101001110
000011011110110110101000
000011011111100101110100
000011100000111110111100
000011100010101110100101
000011100100010100100111
000011100101010110010001
000011100101101101001111
000011100101101011001011
000011100101101111110111
000011100110010111010100
000011100111101010000011
000011101001011000001110
000011101011000010100011
000011101100001011110111
000011101100101001100010
000011101100101001011101
000011101100101010010010
000011101101001010001100
000011101110010101111100
000011110000000001101000
000011110001101111010111
000011110011000000000101
000011110011100100111110
000011110011100111111000
000011110011100101110001
000011110011111110011110
000011110101000010110001
000011110110101010111110
000011111000011011001001
000011111001110010111000
000011111010011111011010
000011111010100110010010
000011111010100010001110
000011111010110100001010
000011111011110000101011
000011111101010100011100
000011111111000110000011
000100000000100100010001
000100000001011000101100
000100000001100100011100
000100000001011111011111
000100000001101011010000
000100000010011111110001
000100000011111110001111
000100000101110000001110
000100000111010100010001
000100001000010000101111
000100001000100010001101
000100001000011101011011
000100001000100011101100
000100001001010000001010
000100001010101000100010
000100001100011001110011
000100001110000010111101
000100001111000111011101
000100001111011111011000
000100001111011011110101
000100001111011101011011
000100010000000001111011
000100010001010011100000
000100010011000011000000
000100010100110000011000
000100010101111100110001
000100010110011011110010
000100010110011010100011
000100010110011000010111
000100010110110101000111
000100010111111111010101
000100011001101011111110
000100011011011100101010
000100011100110000101000
000100011101010111010001
000100011101011001011001
000100011101010100011010
000100011101101001110001
000100011110101100001001
000100100000010100111011
000100100010000111111001
000100100011100011000010
000100100100010001101011
000100100100011000001010
000100100100010001011011
000100100100011111111000
000100100101011010000110
000100100110111110000011
000100101000110010001111
000100101010010011111110
000100101011001010111000
000100101011010110101001
000100101011001111001111
000100101011010111011100
000100101100001001010100
000100101101100111100011
000100101111011011110110
000100110001000011011110
000100110010000010110001
000100110010010100101100
000100110010001101101110
000100110010010000011010
000100110010111001111010
000100110100010001100110
000100110110000100111000
000100110111110001100111
000100111000111001010000
000100111001010010000101
000100111001001100101100
000100111001001010101101
000100111001101011111011
000100111010111100011000
000100111100101101100010
000100111110011110011101
000100111111101110010001
000101000000001110101001
000101000000001011111011
000101000000000110010000
000101000000011111011101
000101000001101000000100
000101000011010110000000
000101000101001010000111
000101000110100001110001
000101000111001010001101
000101000111001011010001
000101000111000010111011
000101000111010100100000
000101001000010100110101
000101001001111110011110
000101001011110100101110
000101001101010011101110
000101001110000100101000
000101001110001010011111
000101001110000000100101
000101001110001011000101
000101001111000010110100
000101010000100111001010
000101010010011110011010
000101010100000100001010
000101010100111101110010
000101010101001001011010
000101010100111111000100
000101010101000011001011
000101010101110010001001
000101010111010000010001
000101011001000111010111
000101011010110011000111
000101011011110101100010
000101011100000111110011
000101011011111110001101
000101011011111100101111
000101011100100010111010
000101011101111001111111
000101011111101111101111
000101100001100000101000
000101100010101011110010
000101100011000101011111
000101100010111101110100
000101100010110111101011
000101100011010101001100
000101100100100100100000
000101100110010111101111
000101101000001100110100
000101101001100000011111
000101101010000010010001
000101101001111101101101
000101101001110011111010
000101101010001001000100
000101101011010000000000
000101101100111111100101
000101101110110111110000
000101110000010011100110
000101110000111101111111
000101110000111101101001
000101110000110001010100
000101110000111110100100
000101110001111100101011
000101110011100111011110
000101110101100001100111
000101110111000101000101
000101110111111000011110
000101110111111101011100
000101110111101111101110
000101110111110101101010
000101111000101010101000
000101111010001111100111
000101111100001010100010
000101111101110100111101
000101111110110001100110
000101111110111100111000
000101111110101110111111
000101111110101110010111
000101111111011010000010
000110000000111000001110
000110000010110010101100
000110000100100011010001
000110000101101001001110
000110000101111011101111
000110000101101110111011
000110000101101000100101
000110000110001010111110
000110000111100001100000
000110001001011010010010
000110001011010000000100
000110001100011111010000
000110001100111001110011
000110001100101111010101
000110001100100100010010
000110001100111101100011
000110001110001011101011
000110010000000001100000
000110010001111011011110
000110010011010011101000
000110010011110110111001
000110010011101111111111
000110010011100001010100
000110010011110001110011
000110010100110110111011
000110010110101000100101
000110011000100101100110
000110011010000110010010
000110011010110010110101
000110011010110000101011
000110011010011111100100
000110011010100111110001
000110011011100011011010
000110011101001111101111
000110011111001110100100
000110100000110111001111
000110100001101101011100
000110100001110001001100
000110100001011110111001
000110100001011111011110
000110100010010001010100
000110100011110111001100
000110100101110110100100
000110100111100110011110
000110101000100110100100
000110101000110001010001
000110101000011111000110
000110101000011000110110
000110101001000000110000
000110101010011111001011
000110101100011101110001
000110101110010100000011
000110101111011110000101
000110101111110000101110
000110101111011111111111
000110101111010011110111
000110101111110001110111
000110110001000111111010
000110110011000100011001
000110110101000000000010
000110110110010011111001
000110110110101111010011
000110110110100001010110
000110110110010000011011
000110110110100100101110
000110110111110001100111
000110111001101010101010
000110111011101010100001
000110111101000111111010
000110111101101100110100
000110111101100010111101
000110111101001110011011
000110111101011001011001
000110111110011100100000
000111000000010000110010
000111000010010011101001
000111000011111010000110
000111000100101001000100
000111000100100100100101
000111000100001101101101
000111000100001111111010
000111000101001000101111
000111000110110111000010
000111001000111011100011
000111001010101010011100
000111001011100011110111
000111001011100101111111
000111001011001110000111
000111001011001000010010
000111001011110110100000
000111001101011101101000
000111001111100010011011
000111010001011000111100
000111010010011101000011
000111010010100110111010
000111010010001111011101
000111010010000010011101
000111010010100101111101
000111010100000100110011
000111010110001000011111
000111011000000101101001
000111011001010100011111
000111011001100111000111
000111011001010001100001
000111011000111110011001
000111011001010111001101
000111011010101100110101
000111011100101101111011
000111011110110000101001
000111100000001010000100
000111100000100110010111
000111100000010100000101
000111011111111100000000
000111100000001010011000
000111100001010101111010
000111100011010010111111
000111100101011010000010
000111100110111101101101
000111100111100100011100
000111100111010110111000
000111100110111011001001
000111100110111111100000
000111101000000000010010
000111101001110111111100
000111101100000001111101
000111101101101111010111
000111101110100001001000
000111101110011001101011
000111101101111011101100
000111101101110110101001
000111101110101100001010
000111110000011101000001
000111110010101000100100
000111110100011111000000
000111110101011100001110
000111110101011100001110
000111110100111101011100
000111110100101111110010
000111110101011001101101
000111110111000010100000
000111111001001110000100
000111111011001100101001
000111111100010101100011
000111111100011110001110
000111111100000000001100
000111111011101010111010
000111111100001001000110
000111111101101000101001
000111111111110010101011
001000000001111000010100
001000000011001100111101
001000000011011111011011
001000000011000011101110
001000000010100111111110
001000000010111010011110
001000000100001111101101
001000000110010110101000
001000001000100010001000
001000001010000010010101
001000001010011111100101
001000001010000111110010
001000001001100110110101
001000001001101101111100
001000001010110111111101
001000001100111010001011
001000001111001010001010
001000010000110101100100
001000010001011110011011
001000010001001100000111
001000010000100111011010
001000010000100011100101
001000010001100001101001
001000010011011101100110
001000010101110000100110
001000010111100110100111
001000011000011011101110
001000011000010000011011
001000010111101001100000
001000010111011011011100
001000011000001100111110
001000011010000001001011
001000011100010101100101
001000011110010101011011
001000011111010111010001
001000011111010100011101
001000011110101100111011
001000011110010101100001
001000011110111010001010
001000100000100101001101
001000100010111001010110
001000100101000010000001
001000100110010000110111
001000100110010111111000
001000100101110001011110
001000100101010001110010
001000100101101001011001
001000100111001001111101
001000101001011100000111
001000101011101100011100
001000101101001000010101
001000101101011010011011
001000101100110110111001
001000101100010000001101
001000101100011010110101
001000101101101111101111
001000101111111110001001
001000110010010100110010
001000110011111101100001
001000110100011011110011
001000110011111100111010
001000110011010000101010
001000110011001110100111
001000110100010110110101
001000110110011111101110
001000111000111011001001
001000111010110000010100
001000111011011011101110
001000111011000011001111
001000111010010011000000
001000111010000100110100
001000111010111111100001
001000111101000001001000
001000111111011111101011
001001000001100000101010
001001000010011001111100
001001000010001001100100
001001000001010111000110
001001000000111101100000
001001000001101010000011
001001000011100010101101
001001000110000010100101
001001001000001110011111
001001001001010110001011
001001001001001111100101
001001001000011100101101
001001000111111000101100
001001001000010110101010
001001001010000100110000
001001001100100100000101
001001001110111001110101
001001010000010000001110
001001010000010100111100
001001001111100011100110
001001001110110110011001
001001001111000101100100
001001010000100111100110
001001010011000100011011
001001010101100010101100
001001010111000111111000
001001010111011001010110
001001010110101011100000
001001010101110110100001
001001010101110110111101
001001010111001011100101
001001011001100011111001
001001011100001001001001
001001011101111100111101
001001011110011100011110
001001011101110100001000
001001011100111001000000
001001011100101011000000
001001011101110001000001
001001100000000010110011
001001100010101101010101
001001100100101111010100
001001100101011101111101
001001100100111101001011
001001100011111101101011
001001100011100001110100
001001100100011000001111
001001100110100001011110
001001101001001111011001
001001101011011110110111
001001101100011101100010
001001101100000110010001
001001101011000100011000
001001101010011011011111
001001101011000001100001
001001101101000000010000
001001101111101111100010
001001110010001011100010
001001110011011010111000
001001110011001111000101
001001110010001100111010
001001110001011000000100
001001110001101101001010
001001110011011111100001
001001110110001101111110
001001111000110101010010
001001111010010101101111
001001111010010111001110
001001111001010110111111
001001111000010111100011
001001111000011011011011
001001111001111111100111
001001111100101011000000
001001111111011100001000
001010000001001101110111
001010000001011110010110
001010000000100010010110
001001111111011001111010
001001111111001100100011
001010000000100000111100
001010000011000110111010
001010000110000000001001
001010001000000011000000
001010001000100100000011
001010000111101110101001
001010000110011111000100
001010000110000000101111
001010000111000011110111
001010001001100010000010
001010001100100001011010
001010001110110101000000
001010001111100111111101
001010001110111011100100
001010001101100110111001
001010001100111000001010
001010001101101000110001
001010001111111100110000
001010010011000000000101
001010010101100011101011
001010010110101001101101
001010010110001000101100
001010010100110001001110
001010010011110010111110
001010010100010000000001
001010010110010111011011
001010011001011100010111
001010011100001110111011
001010011101101000111100
001010011101010101101010
001010011011111101110110
001010011010110001010000
001010011010111001111101
001010011100110010011111
001010011111110110011110
001010100010110110101010
001010100100100101010011
001010100100100010000010
001010100011001100100000
001010100001110011000100
001010100001100110111100
001010100011001110010111
001010100110001110101011
001010101001011010110110
001010101011011110011110
001010101011101101011000
001010101010011100111010
001010101000111000011011
001010101000010111010000
001010101001101011011110
001010101100100101010100
001010101111111011100000
001010110010010100001001
001010110010110111010000
001010110001101110101110
001010110000000001010011
001010101111001011001110
001010110000001010010010
001010110010111010101101
001010110110011000101100
001010111001000110000010
001010111001111111001100
001010111001000001100100
001010110111001101100111
001010110110000011000110
001010110110101011010000
001010111001001111010001
001010111100110010011110
001010111111110011111010
001011000001000100110001
001011000000010101000100
001010111110011101010000
001010111100111111000111
001010111101001110110101
001010111111100011011001
001011000011001001000000
001011000110011101100001
001011001000000111011111
001011000111101000110000
001011000101110000000100
001011000011111111011110
001011000011110101011110
001011000101110111100011
001011001001011100011110
001011001101000010101100
001011001111000110111011
001011001110111100001100
001011001101000101110101
001011001011000100010111
001011001010011111101001
001011001100001100001101
001011001111101101000110
001011010011100011010001
001011010110000010100110
001011010110001110111000
001011010100011110010011
001011010010001101111011
001011010001001101110010
001011010010100001111000
001011010101111011001001
001011011001111111000111
001011011100111010000101
001011011101100000010011
001011011011111001001110
001011011001011100010001
001011011000000000010111
001011011000111001000100
001011011100000110111010
001011100000010110000111
001011100011101100111010
001011100100101111111011
001011100011010110010000
001011100000101111011111
001011011110110111110011
001011011111010010010101
001011100010010000101111
001011100110101000001110
001011101010011010101000
001011101011111101001011
001011101010110101000011
001011101000000111101001
001011100101110100100101
001011100101101110001111
001011101000011000111101
001011101100110101010101
001011110001000010110100
001011110011000111100000
001011110010010101010001
001011101111100100110100
001011101100110111001000
001011101100001101011001
001011101110011111111110
001011110010111101011011
001011110111100100111110
001011111010001110010010
001011111001110110011111
001011110111000111000011
001011110011111111111100
001011110010110000011010
001011110100100110001100
001011111001000000011010
001011111110000000101000
001100000001010000111000
001100000001011000010011
001011111110101110011010
001011111011001111100010
001011111001010111111101
001011111010101100000000
001011111110111110001110
001100000100010101001101
001100001000001110100101
001100001000111010010100
001100000110011011000010
001100000010100110011111
001100000000000100110000
001100000000110001110110
001100000100110110101101
001100001010100010000110
001100001111000110101010
001100010000011100000101
001100001110001101000101
001100001010000101100001
001100000110110111100101
001100000110111000000111
001100001010101001100111
001100010000100110100000
001100010101111000001111
001100010111111101001101
001100010110000100110111
001100010001101101011101
001100001101110001011000
001100001100111111001111
001100010000010110100100
001100010110100001011111
001100011100100010010111
001100011111011101010100
001100011110000010111000
001100011001011111011100
001100010100110011001110
001100010011000111100101
001100010101111100111101
001100011100010001101110
001100100011000011110010
001100100110111100000000
001100100110000111111001
001100100001011101000000
001100011011111110011110
001100011001010001011110
001100011011011011110001
001100100001110101011000
001100101001011010111101
001100101110011001000001
001100101110010101001101
001100101001101000010101
001100100011010100111110
001100011111011101001100
001100100000110001011011
001100100111001001110101
001100101111100101101111
001100110101110100000111
001100110110101100110100
001100110010000100101001
001100101010111001001110
001100100101101010110111
001100100101111011010010
001100101100001011000100
001100110101100001000101
001100111101001101001111
001100111111010010000101
001100111010110111000000
001100110010101110111111
001100101011111010011011
001100101010110101000011
001100110000110010101011
001100111011001000010100
001101000100100100101001
001101001000001010101011
001101000100000111101000
001100111010111100001101
001100110010001011011011
001100101111010111001101
001100110100110101111000
001101000000010011101111
001101001011111011001001
001101010001100000101101
001101001110000100111010
001101000011101011000000
001100111000011100100000
001100110011010011111000
001100111000000001000101
001101000100110101101110
001101010011010010111000
001101011011100111100110
001101011001001010001100
001101001101001110010001
001100111110101010001010
001100110110001111000000
001100111001101101000000
001101001000010011010010
001101011010110001101011
001101100111001001011000
001101100110010001111110
001101011000001101111001
001101000100101010010111
001100110111000110111011
001100111000011110011100
001101001001101110110100
001101100010101001111000
001101110101110010101011
001101110111110010111011
001101100110001110100000
001101001001111000110000
001100110010111001101000
001100110000001000101101
001101000110010111101100
001101101100001100100001
001110001101100101010000
001110010110000011000011
001101111100100110000001
001101001010111101110011
001100011011011110100001
001100001101000100010000
001100110010010101100001
001110000011100011110111
001111011011001011000011
001111111111111111111111
001110111010010000100101
001011101011000000101000
000110011011111011001010
