000000000000000000000000
111111100101000111100010
111111001010010000011001
111110101111011011111100
111110010100101011011111
111101111010000000011000
111101011111011011111011
111101000100111111011011
111100101010101100001101
111100010000100011100010
111011110110100110101101
111011011100110110111101
111011000011010101100010
111010101010000011101010
111010010001000010100010
111001111000010011010101
111001011111110111001101
111001000111101111010011
111000101111111100101100
111000011000100000011110
111000000001011011101011
110111101010101111010100
110111010100011100010111
110110111110100011110001
110110101001000110011100
110110010100000101010001
110101111111100001000100
110101101011011010101001
110101010111110010110000
110101000100101010001001
110100110010000001011101
110100011111111001010110
110100001110010010011010
110011111101001101001101
110011101100101010001110
110011011100101001111100
110011001101001100110010
110010111110010011001000
110010101111111101010011
110010100010001011100101
110010010100111110001101
110010001000010101011001
110001111100010001010010
110001110000110001111110
110001100101110111100001
110001011011100001111101
110001010001110001001110
110001001000100101010010
110000111111111101111111
110000110111111011001011
110000110000011100101010
110000101001100010001011
110000100011001011011100
110000011101011000000111
110000011000000111110110
110000010011011010001101
110000001111001110110000
110000001011100101000000
110000001000011100011011
110000000101110100011101
110000000011101100100001
110000000010000011111111
110000000000111010001100
110000000000001110011100
110000000000000000000001
110000000000001110001100
110000000000111000001010
110000000001111101001001
110000000011011100010100
110000000101010100110101
110000000111100101110100
110000001010001110011001
110000001101001101101001
110000010000100010101010
110000010100001100100000
110000011000001010001101
110000011100011010110101
110000100000111101011001
110000100101110000111011
110000101010110100011011
110000110000000110111001
110000110101100111010110
110000111011010100110001
110001000001001110001100
110001000111010010100101
110001001101100000111101
110001010011111000010100
110001011010010111101011
110001100000111110000100
110001100111101010100000
110001101110011100000001
110001110101010001101010
110001111100001010100000
110010000011000101100111
110010001010000010000101
110010010000111111000000
110010010111111011100001
110010011110110110110001
110010100101101111111010
110010101100100110001000
110010110011011000101000
110010111010000110101001
110011000000101111011011
110011000111010010010001
110011001101101110011101
110011010100000011010101
110011011010010000010000
110011100000010100100111
110011100110001111110100
110011101100000001010100
110011110001101000100110
110011110111000101001010
110011111100010110100011
110100000001011100010101
110100000110010110000110
110100001011000011011111
110100001111100100001011
110100010011110111110111
110100010111111110010000
110100011011110111001001
110100011111100010010011
110100100010111111100100
110100100110001110110010
110100101001001111110111
110100101100000010101110
110100101110100111010100
110100110000111101100111
110100110011000101101001
110100110100111111011100
110100110110101011000110
110100111000001000101101
110100111001011000011000
110100111010011010010100
110100111011001110101010
110100111011110101101010
110100111100001111100001
110100111100011100100001
110100111100011100111101
110100111100010001000111
110100111011111001010101
110100111011010101111101
110100111010100111010111
110100111001101101111100
110100111000101010000110
110100110111011100010001
110100110110000100110111
110100110100100100010110
110100110010111011001101
110100110001001001111010
110100101111010000111100
110100101101010000110011
110100101011001010000001
110100101000111101000101
110100100110101010100010
110100100100010010111010
110100100001110110101110
110100011111010110100001
110100011100110010110110
110100011010001100001111
110100010111100011001110
110100010100111000010110
110100010010001100001001
110100001111011111001010
110100001100110001111001
110100001010000100111001
110100000111011000101010
110100000100101101101100
110100000010000100100000
110011111111011101100100
110011111100111001011000
110011111010011000011000
110011110111111011000011
110011110101100001110100
110011110011001101000110
110011110000111101010100
110011101110110010111000
110011101100101110001001
110011101010101111011110
110011101000110111001111
110011100111000101110000
110011100101011011010101
110011100011111000010001
110011100010011100110101
110011100001001001010001
110011011111111101110100
110011011110111010101100
110011011110000000000101
110011011101001110001010
110011011100100101000100
110011011100000100111101
110011011011101101111011
110011011011100000000100
110011011011011011011011
110011011011100000000100
110011011011101110000001
110011011100000101010010
110011011100100101110101
110011011101001111101001
110011011110000010101010
110011011110111110110011
110011100000000011111110
110011100001010010000100
110011100010101000111100
110011100100001000011100
110011100101110000011011
110011100111100000101011
110011101001011001000001
110011101011011001001110
110011101101100001000011
110011101111110000010001
110011110010000110100111
110011110100100011110011
110011110111000111100011
110011111001110001100100
110011111100100001100010
110011111111010111001000
110100000010010010000001
110100000101010001111001
110100001000010110010111
110100001011011111000111
110100001110101011110001
110100010001111011111101
110100010101001111010100
110100011000100101011110
110100011011111110000011
110100011111011000101010
110100100010110100111011
110100100110010010011111
110100101001110000111100
110100101101001111111010
110100110000101111000010
110100110100001101111011
110100110111101100001101
110100111011001001100001
110100111110100101100001
110101000001111111110101
110101000101011000000111
110101001000101110000001
110101001100000001001110
110101001111010001011001
110101010010011110001110
110101010101100111011001
110101011000101100101000
110101011011101101101001
110101011110101010001001
110101100001100001111001
110101100100010100101000
110101100111000010001000
110101101001101010001011
110101101100001100100010
110101101110101001000010
110101110000111111011111
110101110011001111110000
110101110101011001101001
110101110111011101000100
110101111001011001110111
110101111011001111111110
110101111100111111010001
110101111110100111101101
110110000000001001001101
110110000001100011110001
110110000010110111010101
110110000100000011111001
110110000101001001011110
110110000110001000000101
110110000110111111110001
110110000111110000100101
110110001000011010100110
110110001000111101111000
110110001001011010100010
110110001001110000101011
110110001010000000011011
110110001010001001111010
110110001010001101010011
110110001010001010110001
110110001010000010011101
110110001001110100100100
110110001001100001010011
110110001001001000111000
110110001000101011011111
110110001000001001011001
110110000111100010110011
110110000110110111111110
110110000110001001001010
110110000101010110101000
110110000100100000101001
110110000011100111011110
110110000010101011011001
110110000001101100101100
110110000000101011101010
110101111111101000100101
110101111110100011110001
110101111101011101011111
110101111100010110000010
110101111011001101101111
110101111010000100111000
110101111000111011110000
110101110111110010101001
110101110110101001111000
110101110101100001101101
110101110100011010011100
110101110011010100010111
110101110010001111110000
110101110001001100111000
110101110000001100000000
110101101111001101011010
110101101110010001010110
110101101101011000000011
110101101100100001110010
110101101011101110110001
110101101010111111001110
110101101010010011010111
110101101001101011011010
110101101001000111100011
110101101000100111111110
110101101000001100110110
110101100111110110010110
110101100111100100100111
110101100111010111110010
110101100111010000000000
110101100111001101011001
110101100111010000000010
110101100111011000000011
110101100111100101100000
110101100111111000011101
110101101000010000111110
110101101000101111000111
110101101001010010110111
110101101001111100010010
110101101010101011010111
110101101011100000000101
110101101100011010011100
110101101101011010011000
110101101110011111111000
110101101111101010110111
110101110000111011010010
110101110010010001000010
110101110011101100000010
110101110101001100001011
110101110110110001010110
110101111000011011011011
110101111010001010010001
110101111011111101101111
110101111101110101101011
110101111111110001111010
110110000001110010010001
110110000011110110100101
110110000101111110101001
110110001000001010010001
110110001010011001010000
110110001100101011011001
110110001111000000011101
110110010001011000001110
110110010011110010011110
110110010110001110111110
110110011000101101100000
110110011011001101110011
110110011101101111101000
110110100000010010110001
110110100010110110111100
110110100101011011111011
110110101000000001011110
110110101010100111010100
110110101101001101001111
110110101111110010111110
110110110010011000010010
110110110100111100111100
110110110111100000101100
110110111010000011010010
110110111100100100100010
110110111111000100001011
110111000001100001111111
110111000011111101110001
110111000110010111010011
110111001000101110011000
110111001011000010110011
110111001101010100010111
110111001111100010111010
110111010001101110001111
110111010011110110001011
110111010101111010100101
110111010111111011010011
110111011001111000001010
110111011011110001000100
110111011101100101110111
110111011111010110011101
110111100001000010101110
110111100010101010100101
110111100100001101111100
110111100101101100101110
110111100111000110111000
110111101000011100010110
110111101001101101000100
110111101010111001000010
110111101100000000001110
110111101101000010100111
110111101110000000001110
110111101110111001000010
110111101111101101000110
110111110000011100011011
110111110001000111000101
110111110001101101000110
110111110010001110100100
110111110010101011100001
110111110011000100000101
110111110011011000010100
110111110011101000010110
110111110011110100010001
110111110011111100001110
110111110100000000010011
110111110100000000101011
110111110011111101011110
110111110011110110110110
110111110011101100111101
110111110011011111111110
110111110011010000000011
110111110010111101011000
110111110010101000001010
110111110010010000100010
110111110001110110101111
110111110001011010111101
110111110000111101011000
110111110000011110001101
110111101111111101101010
110111101111011011111011
110111101110111001001111
110111101110010101110011
110111101101110001110101
110111101101001101100001
110111101100101001000110
110111101100000100110010
110111101011100000110001
110111101010111101010001
110111101010011010100000
110111101001111000101010
110111101001010111111100
110111101000111000100011
110111101000011010101100
110111100111111110100011
110111100111100100010100
110111100111001100001010
110111100110110110010000
110111100110100010110010
110111100110010001111001
110111100110000011110001
110111100101111000100010
110111100101110000010110
110111100101101011010110
110111100101101001101010
110111100101101011011001
110111100101110000101010
110111100101111001100110
110111100110000110010000
110111100110010110110000
110111100110101011001010
110111100111000011100010
110111100111011111111101
110111101000000000011101
110111101000100101000101
110111101001001101111000
110111101001111010110110
110111101010101100000001
110111101011100001011000
110111101100011010111100
110111101101011000101011
110111101110011010100100
110111101111100000100100
110111110000101010101001
110111110001111000110000
110111110011001010110100
110111110100100000110010
110111110101111010100011
110111110111011000000011
110111111000111001001100
110111111010011101110111
110111111100000101111100
110111111101110001010101
110111111111011111111010
111000000001010001100010
111000000011000110000100
111000000100111101011000
111000000110110111010011
111000001000110011101100
111000001010110010011000
111000001100110011001110
111000001110110110000010
111000010000111010101001
111000010011000000111000
111000010101001000100100
111000010111010001100001
111000011001011011100011
111000011011100110011111
111000011101110010001000
111000011111111110010010
111000100010001010110010
111000100100010111011011
111000100110100100000001
111000101000110000011000
111000101010111100010101
111000101101000111101011
111000101111010010001111
111000110001011011110101
111000110011100100010010
111000110101101011011010
111000110111110001000100
111000111001110101000011
111000111011110111001101
111000111101110111011001
111000111111110101011101
111001000001110001001110
111001000011101010100101
111001000101100001010111
111001000111010101011110
111001001001000110110000
111001001010110101000111
111001001100100000011010
111001001110001000100101
111001001111101101100000
111001010001001111000110
111001010010101101010001
111001010100000111111101
111001010101011111000111
111001010110110010101001
111001011000000010100010
111001011001001110101110
111001011010010111001100
111001011011011011111010
111001011100011100110111
111001011101011010000011
111001011110010011011110
111001011111001001001000
111001011111111011000011
111001100000101001010001
111001100001010011110011
111001100001111010101110
111001100010011110000011
111001100010111101111000
111001100011011010001111
111001100011110011001111
111001100100001000111011
111001100100011011011011
111001100100101010110100
111001100100110111001101
111001100101000000101101
111001100101000111011011
111001100101001011011111
111001100101001101000010
111001100101001100001011
111001100101001001000100
111001100101000011110101
111001100100111100101001
111001100100110011101000
111001100100101000111101
111001100100011100110010
111001100100001111010001
111001100100000000100100
111001100011110000110111
111001100011100000010011
111001100011001111000101
111001100010111101010101
111001100010101011010001
111001100010011001000001
111001100010000110110010
111001100001110100101111
111001100001100011000001
111001100001010001110101
111001100001000001010100
111001100000110001101001
111001100000100010111110
111001100000010101011111
111001100000001001010100
111001011111111110101000
111001011111110101100100
111001011111101110010010
111001011111101000111011
111001011111100101100110
111001011111100100011110
111001011111100101101001
111001011111101001010000
111001011111101111011001
111001011111111000001101
111001100000000011110001
111001100000010010001100
111001100000100011100100
111001100000110111111101
111001100001001111011101
111001100001101010001000
111001100010001000000001
111001100010101001001110
111001100011001101101111
111001100011110101101001
111001100100100000111100
111001100101001111101011
111001100110000001110110
111001100110110111011110
111001100111110000100011
111001101000101101000100
111001101001101101000001
111001101010110000011000
111001101011110111000111
111001101101000001001100
111001101110001110100011
111001101111011111001001
111001110000110010111011
111001110010001001110100
111001110011100011110000
111001110101000000101001
111001110110100000011010
111001111000000010111100
111001111001101000001010
111001111011001111111101
111001111100111010001101
111001111110100110110011
111010000000010101101000
111010000010000110100100
111010000011111001011101
111010000101101110001100
111010000111100100101000
111010001001011100100111
111010001011010110000001
111010001101010000101100
111010001111001100011110
111010010001001001001101
111010010011000110110001
111010010101000100111110
111010010111000011101010
111010011001000010101101
111010011011000001111010
111010011101000001001010
111010011111000000010000
111010100000111111000100
111010100010111101011100
111010100100111011001100
111010100110111000001100
111010101000110100010010
111010101010101111010101
111010101100101001001010
111010101110100001101010
111010110000011000101010
111010110010001110000011
111010110100000001101011
111010110101110011011011
111010110111100011001011
111010111001010000110011
111010111010111100001100
111010111100100101001111
111010111110001011110101
111010111111101111111000
111011000001010001010011
111011000010101111111111
111011000100001011111000
111011000101100100111001
111011000110111010111111
111011001000001110000100
111011001001011110000110
111011001010101011000011
111011001011110100110110
111011001100111011100000
111011001101111110111101
111011001110111111001101
111011001111111100010000
111011010000110110000100
111011010001101100101011
111011010010100000000110
111011010011010000010101
111011010011111101011010
111011010100100111011000
111011010101001110010001
111011010101110010000111
111011010110010011000000
111011010110110000111101
111011010111001100000101
111011010111100100011010
111011010111111010000100
111011011000001101000110
111011011000011101100111
111011011000101011101101
111011011000110111011110
111011011001000001000010
111011011001001000100000
111011011001001101111110
111011011001010001100101
111011011001010011011101
111011011001010011101110
111011011001010010100000
111011011001001111111100
111011011001001100001011
111011011001000111010101
111011011001000001100101
111011011000111011000010
111011011000110011110110
111011011000101100001100
111011011000100100001011
111011011000011011111111
111011011000010011101111
111011011000001011100110
111011011000000011101101
111011010111111100001110
111011010111110101010001
111011010111101111000000
111011010111101001100101
111011010111100101000111
111011010111100001110001
111011010111011111101010
111011010111011110111011
111011010111011111101101
111011010111100010000111
111011010111100110010001
111011010111101100010010
111011010111110100010010
111011010111111110011000
111011011000001010101011
111011011000011001010000
111011011000101010001101
111011011000111101101001
111011011001010011101000
111011011001101100001111
111011011010000111100011
111011011010100101101000
111011011011000110100001
111011011011101010010010
111011011100010000111101
111011011100111010100110
111011011101100111001101
111011011110010110110101
111011011111001001011110
111011011111111111001001
111011100000110111110111
111011100001110011101000
111011100010110010011010
111011100011110100001100
111011100100111000111110
111011100110000000101101
111011100111001011010110
111011101000011000111000
111011101001101001001110
111011101010111100010110
111011101100010010001011
111011101101101010101001
111011101111000101101011
111011110000100011001100
111011110010000011000110
111011110011100101010101
111011110101001001110001
111011110110110000010101
111011111000011000111001
111011111010000011010110
111011111011101111100110
111011111101011101100001
111011111111001100111111
111100000000111101111000
111100000010110000000100
111100000100100011011010
111100000110010111110011
111100001000001101000101
111100001010000011001000
111100001011111001110011
111100001101110000111101
111100001111101000011110
111100010001100000001011
111100010011010111111100
111100010101001111101001
111100010111000111000111
111100011000111110001111
111100011010110100110110
111100011100101010110110
111100011110100000000011
111100100000010100010111
111100100010000111101001
111100100011111001110000
111100100101101010100100
111100100111011001111110
111100101001000111110101
111100101010110100000010
111100101100011110011111
111100101110000111000011
111100101111101101101001
111100110001010010001010
111100110010110100100000
111100110100010100100101
111100110101110010010100
111100110111001101100111
111100111000100110011010
111100111001111100101001
111100111011010000010000
111100111100100001001011
111100111101101111010110
111100111110111010110000
111101000000000011010101
111101000001001001000100
111101000010001011111011
111101000011001011111001
111101000100001000111101
111101000101000011000110
111101000101111010010110
111101000110101110101101
111101000111100000001010
111101001000001110110001
111101001000111010100010
111101001001100011011111
111101001010001001101100
111101001010101101001011
111101001011001101111111
111101001011101100001101
111101001100000111111000
111101001100100001000110
111101001100110111111001
111101001101001100011001
111101001101011110101001
111101001101101110110001
111101001101111100110110
111101001110001000111111
111101001110010011010010
111101001110011011110110
111101001110100010110010
111101001110101000001111
111101001110101100010010
111101001110101111000100
111101001110110000101110
111101001110110001010111
111101001110110001000111
111101001110110000000111
111101001110101110100000
111101001110101100011001
111101001110101001111100
111101001110100111010001
111101001110100100100000
111101001110100001110100
111101001110011111010011
111101001110011101001000
111101001110011011011001
111101001110011010010001
111101001110011001110111
111101001110011010010100
111101001110011011101111
111101001110011110010010
111101001110100010000011
111101001110100111001010
111101001110101101101111
111101001110110101111010
111101001110111111110000
111101001111001011011010
111101001111011000111100
111101001111101000011111
111101001111111010000110
111101010000001101111001
111101010000100011111101
111101010000111100010110
111101010001010111001001
111101010001110100011010
111101010010010100001110
111101010010110110100111
111101010011011011101010
111101010100000011011000
111101010100101101110100
111101010101011011000001
111101010110001011000000
111101010110111101110001
111101010111110011010111
111101011000101011110001
111101011001100110111111
111101011010100101000000
111101011011100101110101
111101011100101001011100
111101011101101111110011
111101011110111000111000
111101100000000100101001
111101100001010011000010
111101100010100100000010
111101100011110111100100
111101100101001101100100
111101100110100101111110
111101101000000000101110
111101101001011101101111
111101101010111100111010
111101101100011110001100
111101101110000001011101
111101101111100110101000
111101110001001101100111
111101110010110110010010
111101110100100000100011
111101110110001100010010
111101110111111001011001
111101111001100111101111
111101111011010111001110
111101111101000111101100
111101111110111001000011
111110000000101011001010
111110000010011101111000
111110000100010001000110
111110000110000100101011
111110000111111000011111
111110001001101100011000
111110001011100000010000
111110001101010011111101
111110001111000111010111
111110010000111010010101
111110010010101100101111
111110010100011110011101
111110010110001111010111
111110010111111111010101
111110011001101110001111
111110011011011011111101
111110011101001000011000
111110011110110011011001
111110100000011100110111
111110100010000100101101
111110100011101010110100
111110100101001111000101
111110100110110001011011
111110101000010001101110
111110101001101111111011
111110101011001011111011
111110101100100101101001
111110101101111101000010
111110101111010010000000
111110110000100100100000
111110110001110100011111
111110110011000001111000
111110110100001100101010
111110110101010100110010
111110110110011010001101
111110110111011100111011
111110111000011100111010
111110111001011010001000
111110111010010100100110
111110111011001100010100
111110111100000001010001
111110111100110011011110
111110111101100010111110
111110111110001111110000
111110111110111001111000
111110111111100001010110
111111000000000110001111
111111000000101000100101
111111000001001000011010
111111000001100101110100
111111000010000000110111
111111000010011001100110
111111000010110000000110
111111000011000100011101
111111000011010110110000
111111000011100111000100
111111000011110101100000
111111000100000010001010
111111000100001101001001
111111000100010110100010
111111000100011110011101
111111000100100101000010
111111000100101010011000
111111000100101110100101
111111000100110001110010
111111000100110100001000
111111000100110101101100
111111000100110110101001
111111000100110111000110
111111000100110111001010
111111000100110110111111
111111000100110110101101
111111000100110110011101
111111000100110110010101
111111000100110110011111
111111000100110111000100
111111000100111000001010
111111000100111001111011
111111000100111100011110
111111000100111111111011
111111000101000100011011
111111000101001010000100
111111000101010000111110
111111000101011001010001
111111000101100011000011
111111000101101110011011
111111000101111011100000
111111000110001010011000
111111000110011011001010
111111000110101101111100
111111000111000010110001
111111000111011001110001
111111000111110011000000
111111001000001110100011
111111001000101100011101
111111001001001100110011
111111001001101111101001
111111001010010101000001
111111001010111100111111
111111001011100111100100
111111001100010100110100
111111001101000100101111
111111001101110111010111
111111001110101100101110
111111001111100100110011
111111010000011111100111
111111010001011101001001
111111010010011101011001
111111010011100000010110
111111010100100101111111
111111010101101110010001
111111010110111001001011
111111011000000110101001
111111011001010110101010
111111011010101001001001
111111011011111110000011
111111011101010101010101
111111011110101110111001
111111100000001010101011
111111100001101000100110
111111100011001000100101
111111100100101010100010
111111100110001110010111
111111100111110011111111
111111101001011011010010
111111101011000100001010
111111101100101110100001
111111101110011010001110
111111110000000111001100
111111110001110101010010
111111110011100100011000
111111110101010100011000
111111110111000101001000
111111111000110110100010
111111111010101000011100
111111111100011010110000
111111111110001101010100
000000000000000000000000
000000000001110010101100
000000000011100101010000
000000000101010111100100
000000000111001001011110
000000001000111010111000
000000001010101011101000
000000001100011011101000
000000001110001010101110
000000001111111000110100
000000010001100101110010
000000010011010001011111
000000010100111011110110
000000010110100100101110
000000011000001100000001
000000011001110001101001
000000011011010101011110
000000011100110111011011
000000011110010111011010
000000011111110101010101
000000100001010001000111
000000100010101010101011
000000100100000001111101
000000100101010110110111
000000100110101001010110
000000100111111001010111
000000101001000110110101
000000101010010001101111
000000101011011010000001
000000101100011111101010
000000101101100010100111
000000101110100010110111
000000101111100000011001
000000110000011011001101
000000110001010011010010
000000110010001000101001
000000110010111011010001
000000110011101011001100
000000110100011000011100
000000110101000011000001
000000110101101010111111
000000110110010000010111
000000110110110011001101
000000110111010011100011
000000110111110001011101
000000111000001101000000
000000111000100110001111
000000111000111101001111
000000111001010010000100
000000111001100100110110
000000111001110101101000
000000111010000100100000
000000111010010001100101
000000111010011100111101
000000111010100110101111
000000111010101111000010
000000111010110101111100
000000111010111011100101
000000111011000000000101
000000111011000011100010
000000111011000110000101
000000111011000111110110
000000111011001000111100
000000111011001001100001
000000111011001001101011
000000111011001001100011
000000111011001001010011
000000111011001001000001
000000111011001000110110
000000111011001000111010
000000111011001001010111
000000111011001010010100
000000111011001011111000
000000111011001110001110
000000111011010001011011
000000111011010101101000
000000111011011010111110
000000111011100001100011
000000111011101001011110
000000111011110010110111
000000111011111101110110
000000111100001010100000
000000111100011000111100
000000111100101001010000
000000111100111011100011
000000111101001111111010
000000111101100110011010
000000111101111111001001
000000111110011010001100
000000111110110111100110
000000111111010111011011
000000111111111001110001
000001000000011110101010
000001000001000110001000
000001000001110000010000
000001000010011101000010
000001000011001100100010
000001000011111110101111
000001000100110011101100
000001000101101011011010
000001000110100101111000
000001000111100011000110
000001001000100011000101
000001001001100101110011
000001001010101011001110
000001001011110011010110
000001001100111110001000
000001001110001011100001
000001001111011011100000
000001010000101110000000
000001010010000010111110
000001010011011010010111
000001010100110100000101
000001010110010000000101
000001010111101110010010
000001011001001110100101
000001011010110000111011
000001011100010101001100
000001011101111011010011
000001011111100011001001
000001100001001100100111
000001100010110111101000
000001100100100100000011
000001100110010001110001
000001101000000000101011
000001101001110000101001
000001101011100001100011
000001101101010011010001
000001101111000101101011
000001110000111000101001
000001110010101100000011
000001110100011111110000
000001110110010011101000
000001111000000111100001
000001111001111011010101
000001111011101110111010
000001111101100010001000
000001111111010100110110
000010000001000110111101
000010000010111000010100
000010000100101000110010
000010000110011000010001
000010001000000110100111
000010001001110011101110
000010001011011111011101
000010001101001001101110
000010001110110010011001
000010010000011001011000
000010010001111110100011
000010010011100001110100
000010010101000011000110
000010010110100010010001
000010010111111111010010
000010011001011010000010
000010011010110010011100
000010011100001000011100
000010011101011011111110
000010011110101100111110
000010011111111011010111
000010100001000111001000
000010100010010000001101
000010100011010110100100
000010100100011010001011
000010100101011011000000
000010100110011001000001
000010100111010100001111
000010101000001100101001
000010101001000010001111
000010101001110101000000
000010101010100100111111
000010101011010010001100
000010101011111100101000
000010101100100100010110
000010101101001001011001
000010101101101011110010
000010101110001011100110
000010101110101000110111
000010101111000011101010
000010101111011100000011
000010101111110010000111
000010110000000101111010
000010110000010111100001
000010110000100111000100
000010110000110100100110
000010110001000000010000
000010110001001010000110
000010110001010010010001
000010110001011000110110
000010110001011101111101
000010110001100001101110
000010110001100100010001
000010110001100101101100
000010110001100110001001
000010110001100101101111
000010110001100100100111
000010110001100010111000
000010110001100000101101
000010110001011110001100
000010110001011011100000
000010110001011000101111
000010110001010110000100
000010110001010011100111
000010110001010001100000
000010110001001111111001
000010110001001110111001
000010110001001110101001
000010110001001111010010
000010110001010000111100
000010110001010011101110
000010110001010111110001
000010110001011101001110
000010110001100100001010
000010110001101100101110
000010110001110111000001
000010110010000011001010
000010110010010001001111
000010110010100001010111
000010110010110011100111
000010110011001000000111
000010110011011110111010
000010110011111000001000
000010110100010011110011
000010110100110010000001
000010110101010010110101
000010110101110110010100
000010110110011100100001
000010110111000101011110
000010110111110001001111
000010111000011111110110
000010111001010001010011
000010111010000101101010
000010111010111100111010
000010111011110111000011
000010111100110100000111
000010111101110100000101
000010111110110110111100
000010111111111100101011
000011000001000101010000
000011000010010000101010
000011000011011110110101
000011000100101111110000
000011000110000011010111
000011000111011001100110
000011001000110010011001
000011001010001101101100
000011001011101011011011
000011001101001011100000
000011001110101101110110
000011010000010010010111
000011010001111000111101
000011010011100001100001
000011010101001011111110
000011010110111000001011
000011011000100110000010
000011011010010101011100
000011011100000110010000
000011011101111000010111
000011011111101011101001
000011100001011111111101
000011100011010101001010
000011100101001011001010
000011100111000001110001
000011101000111000111001
000011101010110000010111
000011101100101000000100
000011101110011111110101
000011110000010111100010
000011110010001111000011
000011110100000110001101
000011110101111100111000
000011110111110010111011
000011111001101000001101
000011111011011100100110
000011111101001111111100
000011111111000010001000
000100000000110011000001
000100000010100010011111
000100000100010000011010
000100000101111100101010
000100000111100111000111
000100001001001111101011
000100001010110110001111
000100001100011010101011
000100001101111100111010
000100001111011100110100
000100010000111010010101
000100010010010101010111
000100010011101101110101
000100010101000011101010
000100010110010110110010
000100010111100111001000
000100011000110100101010
000100011001111111010011
000100011011000111000010
000100011100001011110100
000100011101001101100110
000100011110001100011000
000100011111001000001001
000100100000000000110111
000100100000110110100010
000100100001101001001011
000100100010011000110011
000100100011000101011010
000100100011101111000011
000100100100010101101110
000100100100111001011111
000100100101011010011000
000100100101111000011101
000100100110010011110001
000100100110101100011000
000100100111000010010111
000100100111010101110011
000100100111100110110000
000100100111110101010101
000100101000000001101000
000100101000001011101110
000100101000010011101110
000100101000011001101111
000100101000011101111001
000100101000100000010011
000100101000100001000101
000100101000100000010110
000100101000011110001111
000100101000011010111001
000100101000010110011011
000100101000010001000000
000100101000001010101111
000100101000000011110010
000100100111111100010011
000100100111110100011010
000100100111101100010001
000100100111100100000001
000100100111011011110101
000100100111010011110100
000100100111001100001010
000100100111000100111110
000100100110111110011011
000100100110111000101011
000100100110110011110101
000100100110110000000100
000100100110101101100000
000100100110101100010010
000100100110101100100011
000100100110101110011011
000100100110110010000010
000100100110110111100000
000100100110111110111110
000100100111001000100010
000100100111010100010011
000100100111100010011001
000100100111110010111010
000100101000000101111100
000100101000011011100110
000100101000110011111011
000100101001001111000011
000100101001101101000000
000100101010001101111001
000100101010110001101111
000100101011011000101000
000100101100000010100110
000100101100101111101011
000100101101011111111010
000100101110010011010101
000100101111001001111100
000100110000000011110000
000100110001000000110011
000100110010000001000011
000100110011000100100000
000100110100001011001010
000100110101010100111101
000100110110100001111010
000100110111110001111100
000100111001000101000001
000100111010011011000111
000100111011110100001000
000100111101010000000001
000100111110101110101101
000101000000010000001000
000101000001110100001011
000101000011011010110001
000101000101000011110100
000101000110101111001101
000101001000011100110101
000101001010001100100101
000101001011111110010101
000101001101110001111101
000101001111100111010110
000101010001011110010110
000101010011010110110110
000101010101010000101011
000101010111001011101110
000101011001000111110100
000101011011000100110100
000101011101000010100100
000101011111000000111100
000101100000111111110000
000101100010111110110110
000101100100111110000110
000101100110111101010011
000101101000111100010110
000101101010111011000010
000101101100111001001111
000101101110110110110011
000101110000110011100010
000101110010101111010100
000101110100101001111111
000101110110100011011001
000101111000011011011000
000101111010010001110100
000101111100000110100011
000101111101111001011100
000101111111101010011000
000110000001011001001101
000110000011000101110011
000110000100110000000011
000110000110010111110110
000110000111111101000100
000110001001011111100110
000110001010111111010111
000110001100011100010000
000110001101110110001100
000110001111001101000101
000110010000100000110111
000110010001110001011101
000110010010111110110100
000110010100001000111001
000110010101001111101000
000110010110010010111111
000110010111010010111100
000110011000001111011101
000110011001001000100010
000110011001111110001010
000110011010110000010101
000110011011011111000100
000110011100001010010111
000110011100110010010001
000110011101010110110010
000110011101110111111111
000110011110010101111000
000110011110110000100011
000110011111001000000011
000110011111011100011100
000110011111101101110100
000110011111111100001111
000110100000000111110011
000110100000010000100111
000110100000010110110000
000110100000011010010111
000110100000011011100010
000110100000011010011010
000110100000010111000101
000110100000010001101110
000110100000001010011100
000110100000000001011000
000110011111110110101100
000110011111101010100001
000110011111011101000010
000110011111001110010111
000110011110111110101100
000110011110101110001011
000110011110011100111111
000110011110001011010001
000110011101111001001110
000110011101100110111111
000110011101010100101111
000110011101000010101011
000110011100110000111011
000110011100011111101101
000110011100001111001001
000110011011111111011100
000110011011110000101111
000110011011100011001110
000110011011010111000011
000110011011001100011000
000110011011000011010111
000110011010111100001011
000110011010110110111100
000110011010110011110101
000110011010110010111110
000110011010110100100001
000110011010111000100101
000110011010111111010011
000110011011001000110011
000110011011010101001100
000110011011100100100101
000110011011110111000101
000110011100001100110001
000110011100100101110001
000110011101000010001000
000110011101100001111101
000110011110000101010010
000110011110101100001101
000110011111010110101111
000110100000000100111101
000110100000110110111000
000110100001101100100010
000110100010100101111101
000110100011100011001001
000110100100100100000110
000110100101101000110100
000110100110110001010010
000110100111111101011110
000110101001001101010111
000110101010100000111001
000110101011111000000011
000110101101010010101111
000110101110110000111010
000110110000010010100000
000110110001110111011011
000110110011011111100110
000110110101001010111001
000110110110111001010000
000110111000101010100010
000110111010011110101001
000110111100010101011011
000110111110001110110010
000111000000001010100011
000111000010001000100111
000111000100001000110011
000111000110001010111101
000111001000001110111100
000111001010010100100110
000111001100011011101110
000111001110100100001011
000111010000101101110001
000111010010111000010101
000111010101000011101011
000111010111001111101000
000111011001011011111111
000111011011101000100101
000111011101110101001110
000111100000000001101110
000111100010001101111000
000111100100011001100001
000111100110100100011101
000111101000101110011111
000111101010110111011100
000111101100111111001000
000111101111000101010111
000111110001001001111110
000111110011001100110010
000111110101001101101000
000111110111001100010100
000111111001001000101101
000111111011000010101000
000111111100111001111100
000111111110101110011110
001000000000100000000110
001000000010001110101011
001000000011111010000100
001000000101100010001001
001000000111000110110100
001000001000100111111101
001000001010000101011101
001000001011011111001110
001000001100110101001100
001000001110000111010000
001000001111010101010111
001000010000011111011100
001000010001100101011100
001000010010100111010101
001000010011100101000100
001000010100011110101000
001000010101010011111111
001000010110000101001010
001000010110110010001000
001000010111011010111011
001000010111111111100011
001000011000100000000011
001000011000111100011110
001000011001010100110110
001000011001101001010000
001000011001111001110000
001000011010000110011010
001000011010001111010110
001000011010010100100111
001000011010010110010110
001000011010010100101010
001000011010001111101010
001000011010000111011110
001000011001111100001111
001000011001101110000111
001000011001011101001110
001000011001001001110000
001000011000110011110110
001000011000011011101100
001000011000000001011101
001000010111100101010100
001000010111000111011101
001000010110101000000100
001000010110000111010110
001000010101100101100000
001000010101000010101111
001000010100011111001111
001000010011111011001110
001000010011010110111010
001000010010110010011111
001000010010001110001011
001000010001101010001101
001000010001000110110001
001000010000100100000101
001000010000000010010110
001000001111100001110011
001000001111000010101000
001000001110100101000011
001000001110001001010001
001000001101101111011110
001000001101010111110110
001000001101000010101000
001000001100101111111101
001000001100100000000010
001000001100010011000011
001000001100001001001010
001000001100000010100010
001000001011111111010101
001000001011111111101101
001000001100000011110010
001000001100001011101111
001000001100010111101010
001000001100100111101100
001000001100111011111011
001000001101010100011111
001000001101110001011100
001000001110010010111010
001000001110111000111011
001000001111100011100101
001000010000010010111010
001000010001000110111110
001000010001111111110010
001000010010111101011001
001000010011111111110010
001000010101000110111110
001000010110010010111100
001000010111100011101010
001000011000111001001000
001000011010010011010010
001000011011110010000100
001000011101010101011011
001000011110111101010010
001000100000101001100011
001000100010011010001001
001000100100001110111100
001000100110000111110110
001000101000000100101101
001000101010000101011011
001000101100001001110101
001000101110010001110001
001000110000011101000110
001000110010101011101001
001000110100111101001101
001000110111010001101000
001000111001101000101101
001000111100000010001111
001000111110011110000001
001001000000111011110101
001001000011011011011110
001001000101111100101110
001001001000011111010100
001001001011000011000100
001001001101100111101110
001001010000001101000010
001001010010110010110001
001001010101011000101100
001001010111111110100010
001001011010100100000101
001001011101001001000100
001001011111101101001111
001001100010010000011000
001001100100110010001101
001001100111010010100000
001001101001110001000010
001001101100001101100010
001001101110100111110010
001001110000111111100011
001001110011010100100111
001001110101100110110000
001001110111110101101111
001001111010000001010111
001001111100001001011011
001001111110001101101111
001010000000001110000110
001010000010001010010101
001010000100000010010001
001010000101110101101111
001010000111100100100101
001010001001001110101010
001010001010110011110101
001010001100010011111110
001010001101101110111110
001010001111000100101110
001010010000010101001001
001010010001100000001000
001010010010100101101000
001010010011100101100100
001010010100011111111011
001010010101010100101001
001010010110000011101110
001010010110101101001001
001010010111010000111001
001010010111101111000010
001010011000000111100011
001010011000011010100000
001010011000100111111101
001010011000101111111110
001010011000110010100111
001010011000110000000000
001010011000101000001110
001010011000011011011001
001010011000001001101010
001010010111110011001010
001010010111011000000010
001010010110111000011101
001010010110010100100110
001010010101101100101001
001010010101000000110010
001010010100010001001111
001010010011011110001110
001010010010100111111101
001010010001101110101010
001010010000110010100110
001010001111110100000000
001010001110110011001000
001010001101110000010000
001010001100101011101001
001010001011100101100100
001010001010011110010011
001010001001010110001000
001010001000001101010111
001010000111000100010000
001010000101111011001000
001010000100110010010001
001010000011101001111110
001010000010100010100001
001010000001011100001111
001010000000010111011011
001001111111010100010110
001001111110010011010100
001001111101010100100111
001001111100011000100010
001001111011011111010111
001001111010101001011000
001001111001110110110110
001001111001001000000010
001001111000011101001101
001001110111110110100111
001001110111010100100001
001001110110110111001000
001001110110011110101101
001001110110001011011100
001001110101111101100011
001001110101110101001111
001001110101110010101101
001001110101110110000110
001001110101111111100101
001001110110001111010101
001001110110100101011110
001001110111000010001000
001001110111100101011010
001001111000001111011011
001001111001000000001111
001001111001110111111011
001001111010110110100010
001001111011111100000111
001001111101001000101011
001001111110011100001111
001001111111110110110011
001010000001011000010011
001010000011000000101111
001010000100110000000010
001010000110100110001001
001010001000100010111100
001010001010100110010111
001010001100110000010000
001010001111000000100001
001010010001010110111110
001010010011110011011110
001010010110010101110101
001010011000111101111000
001010011011101011011000
001010011110011110000111
001010100001010101110111
001010100100010010010111
001010100111010011011000
001010101010011000100111
001010101101100001110010
001010110000101110100111
001010110011111110110010
001010110111010001111111
001010111010100111111001
001010111110000000001011
001011000001011010011111
001011000100110110011111
001011001000010011110011
001011001011110010000101
001011001111010000111110
001011010010110000000110
001011010110001111000100
001011011001101101100001
001011011101001011000101
001011100000100111010110
001011100100000001111101
001011100111011010100010
001011101010110000101100
001011101110000100000011
001011110001010100001111
001011110100100000111001
001011110111101001101001
001011111010101110000111
001011111101101101111111
001100000000101000111000
001100000011011110011110
001100000110001110011100
001100001000111000011101
001100001011011100001101
001100001101111001011001
001100010000001111101111
001100010010011110111101
001100010100100110110010
001100010110100110111111
001100011000011111010101
001100011010001111100101
001100011011110111100100
001100011101010111000100
001100011110101101111100
001100011111111100000010
001100100001000001001101
001100100001111101010110
001100100010110000010111
001100100011011010001011
001100100011111010101110
001100100100010001111111
001100100100011111111100
001100100100100100100101
001100100100011111111100
001100100100010010000101
001100100011111011000011
001100100011011010111100
001100100010110001110110
001100100001111111111011
001100100001000101010100
001100100000000010001100
001100011110110110101111
001100011101100011001011
001100011100000111101111
001100011010100100101011
001100011000111010010000
001100010111001000110001
001100010101010000100010
001100010011010001110111
001100010001001101001000
001100001111000010101100
001100001100110010111010
001100001010011110001100
001100001000000100111101
001100000101100111101000
001100000011000110101000
001100000000100010011100
001011111101111011100000
001011111011010010010100
001011111000100111010110
001011110101111011000111
001011110011001110000111
001011110000100000110110
001011101101110011110111
001011101011000111101010
001011101000011100110010
001011100101110011110001
001011100011001101001010
001011100000101001011111
001011011110001001010010
001011011011101101000110
001011011001010101011110
001011010111000010111011
001011010100110101111111
001011010010101111001101
001011010000101111000100
001011001110110110000110
001011001101000100110011
001011001011011011101010
001011001001111011001001
001011001000100011101111
001011000111010101111010
001011000110010010000100
001011000101011000101001
001011000100101010000011
001011000100000110101011
001011000011101110111001
001011000011100011000011
001011000011100011011111
001011000011110000011111
001011000100001010010110
001011000100110001010110
001011000101100101101100
001011000110100111101000
001011000111110111010011
001011001001010100111010
001011001011000000100100
001011001100111010010111
001011001111000010011001
001011010001011000101100
001011010011111101010010
001011010110110000001001
001011011001110001001110
001011011101000000011100
001011100000011101101101
001011100100001000110111
001011101000000001110000
001011101100001000001001
001011110000011011110101
001011110100111100100001
001011111001101001111010
001011111110100011101011
001100000011101001011101
001100001000111010110110
001100001110010111011010
001100010011111110101100
001100011001110000001100
001100011111101011011001
001100100101101111110000
001100101011111100101011
001100110010010001100011
001100111000101101101111
001100111111010000100101
001101000101111001010111
001101001100100111011000
001101010011011001111000
001101011010010000000110
001101100001001001001111
001101101000000100011111
001101101111000001000000
001101110101111101111011
001101111100111010011001
001110000011110101100000
001110001010101110010110
001110010001100011111111
001110011000010101100000
001110011111000001111100
001110100101101000010101
001110101100000111101100
001110110010011111000011
001110111000101101011011
001110111110110001110100
001111000100101011001111
001111001010011000101010
001111001111111001000111
001111010101001011100101
001111011010001111000101
001111011111000010100111
001111100011100101001011
001111100111110101110011
001111101011110011100000
001111101111011101010110
001111110010110010010111
001111110101110001100111
001111111000011010001100
001111111010101011001011
001111111100100011101100
001111111110000010110111
001111111111000111110110
001111111111110001110100
001111111111111111111111
001111111111110001100100
001111111111000101110100
001111111101111100000001
001111111100010011011111
001111111010001011100011
001111110111100011100101
001111110100011011000000
001111110000110001010000
001111101100100101110011
001111100111111000001010
001111100010100111111001
001111011100110100100100
001111010110011101110101
001111001111100011010110
001111001000000100110101
001111000000000010000001
001110110111011010101110
001110101110001110110010
001110100100011110000011
001110011010001000011111
001110001111001110000010
001110000011101110101110
001101110111101010100111
001101101011000001110011
001101011101110100011011
001101010000000010101101
001101000001101100111000
001100110010110011001110
001100100011010110000100
001100010011010101110010
001100000010110010110011
001011110001101101100110
001011100000000110101010
001011001101111110100011
001010111011010101110111
001010101000001101010000
001010010100100101010111
001010000000011110111100
001001101011111010101111
001001010110111001100100
001001000001011100001111
001000101011100011101001
001000010101010000101100
000111111110100100010101
000111100111011111100010
000111010000000011010100
000110111000010000101101
000110100000001000110011
000110000111101100101011
000101101110111101011110
000101010101111100010110
000100111100101010011110
000100100011001001000011
000100001001011001010011
000011101111011100011110
000011010101010011110011
000010111011000000100101
000010100000100100000101
000010000101111111101000
000001101011010100100001
000001010000100100000100
000000110101101111100111
000000011010111000011110
