000000000000000000000000
111111001010000000000101
111110010100001011000100
111101011110101011110110
111100101001101101001000
111011110101011001011111
111011000001111011001111
111010001111011100011000
111001011110000110100110
111000101110000011001010
110111111111011010110101
110111010010010101111101
110110100110111100010000
110101111101010100111011
110101010101100110100000
110100101111110110111000
110100001100001011010000
110011101010101000001001
110011001011010001010101
110010101110001001110101
110010010011010011111101
110001111010110001001110
110001100100100010011100
110001010000100111100111
110000111111000000000011
110000101111101010010101
110000100010100100010011
110000010111101011001010
110000001110111011011011
110000001000010001000000
110000000011100111001101
110000000000111000110011
110000000000000000000001
110000000000110110101010
110000000011010110000100
110000000111010111010000
110000001100110010110111
110000010011100001010101
110000011011011010110011
110000100100010111010100
110000101110001110110010
110000111000111001000011
110001000100001101111110
110001010000000101011100
110001011100010111011101
110001101000111100001010
110001110101101011111010
110010000010011111010010
110010001111001111001010
110010011011110100101110
110010101000001001100011
110010110100000111100110
110010111111101001010000
110011001010101001010101
110011010101000011001010
110011011110110010100100
110011100111110011110111
110011110000000011111001
110011110111100000000011
110011111110000110001111
110100000011110100111010
110100001000101011000010
110100001100101000000111
110100001111101100001010
110100010001110111101100
110100010011001011101001
110100010011101001011111
110100010011010011000101
110100010010001010101010
110100010000010010111000
110100001101101110101101
110100001010100001011011
110100000110101110100100
110100000010011001111011
110011111101100111011110
110011111000011011010101
110011110010111001110001
110011101101000111000110
110011100111000111101100
110011100000111111111010
110011011010110100000110
110011010100101000100001
110011001110100001010100
110011001000100010011111
110011000010101111111011
110010111101001101001110
110010110111111101110100
110010110011000100111000
110010101110100101010010
110010101010100001101001
110010100110111100001111
110010100011110111000011
110010100001010011101100
110010011111010011011101
110010011101110111010101
110010011100111111111001
110010011100101101011010
110010011100111111110011
110010011101110110101100
110010011111010001010100
110010100001001110101010
110010100011101101011001
110010100110101011111010
110010101010001000010110
110010101110000000100110
110010110010010010011001
110010110110111011001101
110010111011111000011000
110011000001000111001001
110011000110100100100100
110011001100001101101101
110011010001111111011111
110011010111110110111001
110011011101110000110110
110011100011101010010100
110011101001100000010110
110011101111010000000100
110011110100110110101011
110011111010010001100001
110011111111011110001000
110100000100011010001010
110100001001000011011110
110100001101011000001001
110100010001010110011110
110100010100111100111101
110100011000001010011000
110100011010111101101111
110100011101010110010011
110100011111010011100100
110100100000110101010110
110100100001111011101001
110100100010100110101111
110100100010110111001011
110100100010101101101101
110100100010001011010101
110100100001010001001110
110100100000000000110010
110100011110011011101000
110100011100100011011111
110100011010011010010000
110100011000000001111110
110100010101011100110001
110100010010101100110111
110100001111110100100101
110100001100110110001111
110100001001110100001100
110100000110110000110101
110100000011101110011111
110100000000101111011101
110011111101110101111111
110011111011000100010000
110011111000011100010100
110011110110000000000111
110011110011110001011101
110011110001110010000001
110011110000000011010100
110011101110100110101001
110011101101011101001100
110011101100100111111010
110011101100000111100011
110011101011111100101010
110011101100000111101000
110011101100101000100101
110011101101011111011110
110011101110101100000011
110011110000001101110111
110011110010000100010000
110011110100001110011011
110011110110101011010111
110011111001011001111011
110011111100011000110011
110011111111100110100010
110100000011000001100110
110100000110101000010010
110100001010011000111000
110100001110010001100010
110100010010010000010111
110100010110010011011111
110100011010011000111011
110100011110011110110010
110100100010100011001000
110100100110100100000100
110100101010011111110010
110100101110010100100001
110100110010000000100101
110100110101100010011001
110100111000111000011111
110100111100000001100000
110100111110111100010000
110101000001100111101010
110101000100000010110010
110101000110001100111001
110101001000000101011001
110101001001101011110111
110101001011000000000011
110101001100000001110111
110101001100110001011001
110101001101001110111001
110101001101011010110011
110101001101010101101011
110101001101000000010001
110101001100011011011100
110101001011101000001101
110101001010100111101100
110101001001011011001001
110101001000000011111001
110101000110100011011001
110101000100111011000111
110101000011001100101001
110101000001011001100011
110100111111100011100000
110100111101101100000111
110100111011110101000010
110100111001111111111000
110100111000001110001111
110100110110100001101010
110100110100111011100111
110100110011011101100001
110100110010001000101100
110100110000111110010111
110100101111111111101001
110100101111001101100001
110100101110101000111001
110100101110010010011111
110100101110001010111010
110100101110010010100111
110100101110101001111011
110100101111010001000001
110100110000000111111010
110100110001001110011110
110100110010100100011100
110100110100001001011001
110100110101111100110100
110100110111111110000000
110100111010001100001100
110100111100100110011100
110100111111001011110000
110101000001111011000001
110101000100110011000011
110101000111110010100101
110101001010111000010010
110101001110000010110100
110101010001010000110000
110101010100100000101011
110101010111110001001001
110101011011000000110001
110101011110001110000111
110101100001010111110100
110101100100011100100010
110101100111011011000010
110101101010010010000100
110101101101000000100010
110101101111100101011001
110101110001111111101100
110101110100001110100111
110101110110010001011010
110101111000000111011110
110101111001110000010110
110101111011001011101001
110101111100011001001001
110101111101011000110000
110101111110001010011110
110101111110101110100000
110101111111000101000101
110101111111001110101001
110101111111001011101100
110101111110111100111000
110101111110100010111100
110101111101111110101101
110101111101010001000110
110101111100011011001001
110101111011011101111011
110101111010011010100011
110101111001010010001111
110101111000000110001100
110101110110110111101010
110101110101100111111100
110101110100011000010001
110101110011001001111010
110101110001111110000111
110101110000110110000101
110101101111110010111110
110101101110110101111001
110101101101111111111001
110101101101010001111101
110101101100101100111110
110101101100010001101111
110101101100000000111101
110101101011111011010000
110101101100000001000111
110101101100010010111011
110101101100110000111110
110101101101011011011010
110101101110010010010010
110101101111010101100010
110101110000100100111110
110101110010000000010010
110101110011100111000101
110101110101011000110110
110101110111010100111111
110101111001011010110010
110101111011101001011101
110101111110000000001001
110110000000011101111011
110110000011000001110010
110110000101101010101100
110110001000010111100101
110110001011000111010100
110110001101111000110000
110110010000101010110010
110110010011011100010000
110110010110001100000001
110110011000111001000000
110110011011100010000110
110110011110000110010011
110110100000100100100111
110110100010111100001000
110110100101001011111110
110110100111010011011010
110110101001010001101101
110110101011000110010011
110110101100110000101001
110110101110010000010101
110110101111100101000101
110110110000101110101010
110110110001101100111101
110110110010100000000000
110110110011000111111000
110110110011100100110100
110110110011110111000111
110110110011111111001011
110110110011111101100001
110110110011110010101110
110110110011011111011100
110110110011000100011100
110110110010100010100001
110110110001111010100100
110110110001001101011111
110110110000011100010000
110110101111100111110111
110110101110110001010110
110110101101111001101111
110110101101000010000100
110110101100001011011001
110110101011010110101110
110110101010100101000100
110110101001110111011000
110110101001001110100101
110110101000101011100011
110110101000001111000111
110110100111111010000000
110110100111101100111010
110110100111101000011011
110110100111101101000100
110110100111111011010001
110110101000010011010111
110110101000110101100110
110110101001100010001000
110110101010011000111111
110110101011011010001010
110110101100100101011110
110110101101111010101110
110110101111011001100101
110110110001000001101000
110110110010110010011000
110110110100101011010000
110110110110101011100110
110110111000110010101110
110110111010111111110101
110110111101010010000111
110110111111101000101101
110111000010000010101101
110111000100011111001010
110111000110111101001001
110111001001011011101101
110111001011111001110111
110111001110010110101010
110111010000110001001100
110111010011001000100010
110111010101011011110011
110111010111101010001100
110111011001110010111000
110111011011110101001011
110111011101110000011001
110111011111100011111101
110111100001001111010100
110111100010110010000011
110111100100001011110011
110111100101011100010001
110111100110100011010011
110111100111100000110001
110111101000010100101011
110111101000111111000110
110111101001100000001100
110111101001111000001110
110111101010000111100010
110111101010001110100001
110111101010001101101100
110111101010000101100110
110111101001110110110111
110111101001100010001011
110111101001001000010010
110111101000101001111101
110111101000001000000001
110111100111100011010100
110111100110111100101111
110111100110010101001010
110111100101101101011101
110111100101000110100011
110111100100100001010011
110111100011111110100100
110111100011011111001100
110111100011000011111101
110111100010101101101000
110111100010011100111010
110111100010010010011101
110111100010001110110110
110111100010010010100111
110111100010011110001101
110111100010110010000001
110111100011001110010110
110111100011110011011001
110111100100100001010100
110111100101011000001010
110111100110010111111010
110111100111100000011100
110111101000110001100101
110111101010001011000010
110111101011101100011110
110111101101010101011110
110111101111000101100010
110111110000111100001000
110111110010111000100111
110111110100111010010111
110111110111000000101001
110111111001001010101101
110111111011010111110001
110111111101100111000011
110111111111110111101100
111000000010001000111000
111000000100011001110010
111000000110101001100100
111000001000110111011010
111000001011000010100010
111000001101001010001010
111000001111001101100011
111000010001001100000010
111000010011000100111110
111000010100110111110000
111000010110100011111000
111000011000001000111000
111000011001100110010110
111000011010111011111110
111000011100001001100000
111000011101001110110001
111000011110001011101010
111000011111000000001011
111000011111101100010111
111000100000010000011000
111000100000101100011011
111000100001000000110010
111000100001001101110101
111000100001010011111101
111000100001010011101100
111000100001001101100011
111000100001000010001000
111000100000110010000101
111000100000011110000110
111000100000000110111001
111000011111101101001110
111000011111010001110101
111000011110110101100001
111000011110011001000100
111000011101111101010000
111000011101100010110111
111000011101001010101010
111000011100110101010111
111000011100100011101100
111000011100010110010101
111000011100001101111000
111000011100001010111100
111000011100001110000011
111000011100010111101010
111000011100101000001011
111000011100111111111101
111000011101011111010001
111000011110000110010100
111000011110110101001110
111000011111101100000010
111000100000101010110001
111000100001110001010100
111000100010111111100000
111000100100010101000110
111000100101110001110100
111000100111010101010010
111000101000111111000011
111000101010101110101010
111000101100100011100100
111000101110011101001010
111000110000011010110110
111000110010011011111100
111000110100011111110000
111000110110100101100100
111000111000101100101001
111000111010110100010000
111000111100111011101001
111000111111000010000100
111001000001000110110011
111001000011001001001000
111001000101001000011000
111001000111000011111000
111001001000111011000001
111001001010101101001101
111001001100011001111011
111001001110000000101100
111001001111100001000110
111001010000111010110010
111001010010001101011100
111001010011011000110110
111001010100011100110110
111001010101011001010101
111001010110001110010011
111001010110111011110010
111001010111100001111011
111001011000000000111000
111001011000011000111011
111001011000101010010110
111001011000110101100011
111001011000111010111110
111001011000111011000100
111001011000110110011010
111001011000101101100010
111001011000100001000101
111001011000010001101100
111001011000000000000011
111001010111101100110100
111001010111011000101110
111001010111000100011101
111001010110110000101111
111001010110011110010001
111001010110001101101111
111001010101111111110100
111001010101110101001000
111001010101101110010100
111001010101101011111011
111001010101101110011111
111001010101110110011111
111001010110000100010111
111001010110011000011110
111001010110110011001010
111001010111010100101001
111001010111111101001001
111001011000101100110000
111001011001100011100100
111001011010100001100010
111001011011100110100110
111001011100110010100111
111001011110000101011000
111001011111011110100111
111001100000111101111111
111001100010100011001000
111001100100001101100101
111001100101111100111000
111001100111110000011111
111001101001100111110101
111001101011100010010011
111001101101011111010010
111001101111011110000111
111001110001011110001000
111001110011011110101010
111001110101011111000001
111001110111011110100010
111001111001011100100011
111001111011011000011000
111001111101010001011100
111001111111000111000110
111010000000111000110011
111010000010100110000000
111010000100001110001111
111010000101110001000100
111010000111001110000101
111010001000100100111101
111010001001110101011011
111010001010111111010001
111010001100000010010101
111010001100111110100010
111010001101110011110110
111010001110100010010100
111010001111001010000001
111010001111101011001010
111010010000000101111100
111010010000011010101001
111010010000101001101000
111010010000110011010010
111010010000111000000010
111010010000111000011001
111010010000110100111000
111010010000101110000010
111010010000100100011110
111010010000011000110011
111010010000001011101010
111010001111111101101011
111010001111101111100001
111010001111100001110110
111010001111010101010010
111010001111001010011110
111010001111000010000011
111010001110111100100100
111010001110111010101000
111010001110111100101111
111010001111000011011010
111010001111001111000100
111010001111100000000111
111010001111110110111010
111010010000010011110000
111010010000110110110111
111010010001100000011011
111010010010010000100100
111010010011000111010101
111010010100000100101110
111010010101001000101011
111010010110010011000100
111010010111100011101011
111010011000111010010011
111010011010010110100111
111010011011111000010001
111010011101011110110111
111010011111001001111101
111010100000111001000011
111010100010101011101000
111010100100100001001001
111010100110011000111111
111010101000010010100101
111010101010001101010100
111010101100001000100010
111010101110000011100111
111010101111111101111101
111010110001110110111010
111010110011101101111000
111010110101100010010010
111010110111010011100100
111010111001000001001100
111010111010101010101011
111010111100001111100011
111010111101101111011010
111010111111001001111000
111011000000011110101010
111011000001101101100000
111011000010110110001011
111011000011111000100100
111011000100110100100011
111011000101101010001001
111011000110011001010110
111011000111000010010000
111011000111100101000010
111011001000000001111001
111011001000011001000101
111011001000101010111010
111011001000110111110001
111011001001000000000010
111011001001000100001011
111011001001000100101100
111011001001000010000101
111011001000111100111010
111011001000110101101111
111011001000101101001011
111011001000100011110100
111011001000011010010000
111011001000010001000111
111011001000001001000000
111011001000000010100000
111011000111111110001101
111011000111111100101001
111011000111111110011000
111011001000000011111000
111011001000001101100111
111011001000011100000001
111011001000101111011101
111011001001001000010000
111011001001100110101101
111011001010001011000010
111011001010110101011001
111011001011100101111010
111011001100011100101001
111011001101011001100101
111011001110011100101100
111011001111100101110100
111011010000110100110100
111011010010001001011101
111011010011100011011100
111011010101000010011101
111011010110100110001001
111011011000001110000011
111011011001111001110000
111011011011101000101111
111011011101011010100000
111011011111001110011111
111011100001000100001000
111011100010111010110110
111011100100110010000100
111011100110101001001100
111011101000011111101000
111011101010010100110001
111011101100001000000101
111011101101111001000000
111011101111100111000000
111011110001010001100100
111011110010111000001111
111011110100011010100101
111011110101111000001110
111011110111010000110011
111011111000100100000001
111011111001110001101001
111011111010111001011101
111011111011111011010101
111011111100110111001100
111011111101101100111111
111011111110011100110001
111011111111000110100110
111011111111101010101001
111100000000001001000100
111100000000100010001000
111100000000110110000111
111100000001000101011000
111100000001010000010011
111100000001010111010011
111100000001011010110110
111100000001011011011011
111100000001011001100011
111100000001010101110010
111100000001010000101010
111100000001001010110001
111100000001000100101010
111100000000111110111100
111100000000111010001010
111100000000110110111001
111100000000110101101011
111100000000110111000100
111100000000111011100010
111100000001000011100100
111100000001001111100111
111100000001100000000011
111100000001110101010001
111100000010001111100100
111100000010101111001101
111100000011010100011011
111100000011111111010111
111100000100110000001010
111100000101100110110110
111100000110100011011100
111100000111100101111001
111100001000101110000100
111100001001111011110110
111100001011001110111110
111100001100100111001110
111100001110000100010000
111100001111100101101111
111100010001001011010001
111100010010110100011010
111100010100100000101101
111100010110001111101010
111100011000000000110000
111100011001110011011100
111100011011100111001100
111100011101011011011011
111100011111001111100101
111100100001000011000110
111100100010110101011011
111100100100100110000001
111100100110010100010101
111100100111111111111000
111100101001101000001011
111100101011001100110010
111100101100101101010001
111100101110001001010001
111100101111100000011100
111100110000110010100001
111100110001111111001111
111100110011000110011011
111100110100000111111101
111100110101000011101110
111100110101111001101100
111100110110101001111010
111100110111010100011100
111100110111111001011011
111100111000011001000010
111100111000110011100000
111100111001001001000110
111100111001011010001010
111100111001100111000011
111100111001110000001100
111100111001110101111111
111100111001111000111011
111100111001111001100000
111100111001111000001111
111100111001110101101010
111100111001110010010101
111100111001101110110001
111100111001101011100011
111100111001101001001111
111100111001101000010110
111100111001101001011010
111100111001101100111100
111100111001110011011011
111100111001111101010011
111100111010001011000001
111100111010011100111101
111100111010110011011101
111100111011001110110101
111100111011101111010110
111100111100010101001100
111100111101000000100011
111100111101110001100001
111100111110101000001010
111100111111100100011110
111101000000100110011011
111101000001101101111010
111101000010111010110000
111101000100001100110010
111101000101100011101111
111101000110111111010100
111101001000011111001011
111101001010000010111101
111101001011101010001111
111101001101010100100100
111101001111000001011110
111101010000110000011101
111101010010100001000000
111101010100010010100101
111101010110000100101001
111101010111110110101010
111101011001101000000101
111101011011011000010111
111101011101000110111111
111101011110110011011100
111101100000011101001111
111101100010000011111010
111101100011100111000001
111101100101000110001100
111101100110100001000001
111101100111110111001101
111101101001001000011110
111101101010010100100101
111101101011011011010110
111101101100011100101000
111101101101011000010110
111101101110001110011110
111101101110111111000001
111101101111101010000101
111101110000001111110000
111101110000110000001110
111101110001001011101100
111101110001100010011101
111101110001110100110101
111101110010000011001000
111101110010001101110010
111101110010010101001100
111101110010011001110100
111101110010011100001001
111101110010011100101010
111101110010011011111001
111101110010011010010111
111101110010011000100110
111101110010010111001010
111101110010010110100100
111101110010010111010101
111101110010011001111111
111101110010011111000001
111101110010100110111001
111101110010110010000100
111101110011000000111100
111101110011010011111001
111101110011101011010010
111101110100000111011001
111101110100101000011110
111101110101001110110000
111101110101111010010111
111101110110101011011100
111101110111100010000001
111101111000011110001000
111101111001011111101101
111101111010100110101011
111101111011110010111000
111101111101000100000111
111101111110011010001010
111101111111110100101110
111110000001010011011101
111110000010110110000010
111110000100011100000001
111110000110000100111111
111110000111110000011111
111110001001011110000010
111110001011001101000111
111110001100111101001101
111110001110101101110011
111110010000011110010111
111110010010001110010111
111110010011111101010001
111110010101101010100101
111110010111010101110010
111110011000111110011010
111110011010100100000001
111110011100000110001001
111110011101100100011100
111110011110111110100001
111110100000010100000100
111110100001100100110100
111110100010110000100010
111110100011110111000010
111110100100111000001100
111110100101110011111010
111110100110101010001010
111110100111011010111101
111110101000000110011000
111110101000101100100001
111110101001001101100101
111110101001101001110000
111110101010000001010011
111110101010010100100001
111110101010100011110001
111110101010101111011011
111110101010110111111001
111110101010111101101000
111110101011000001000101
111110101011000010110000
111110101011000011001001
111110101011000010110001
111110101011000010001010
111110101011000001110110
111110101011000010010101
111110101011000100001010
111110101011000111110011
111110101011001101110001
111110101011010110100000
111110101011100010011110
111110101011110010000011
111110101100000101101000
111110101100011101100010
111110101100111010000100
111110101101011011011111
111110101110000001111111
111110101110101101101111
111110101111011110110110
111110110000010101010111
111110110001010001010100
111110110010010010101001
111110110011011001010001
111110110100100101000010
111110110101110101110010
111110110111001011010000
111110111000100101001011
111110111010000011001110
111110111011100101000010
111110111101001010001111
111110111110110010011001
111111000000011101000011
111111000010001001101110
111111000011110111111100
111111000101100111001011
111111000111010110111010
111111001001000110101000
111111001010110101110100
111111001100100011111101
111111001110010000100001
111111001111111011000010
111111010001100011000001
111111010011001000000001
111111010100101001101000
111111010110000111011101
111111010111100001001001
111111011000110110010111
111111011010000110110111
111111011011010010011001
111111011100011000110011
111111011101011001111010
111111011110010101101011
111111011111001100000001
111111011111111101000000
111111100000101000101001
111111100001001111000110
111111100001110000011111
111111100010001101000011
111111100010100101000011
111111100010111000110000
111111100011001000100001
111111100011010100101101
111111100011011101101111
111111100011100100000010
111111100011101000000101
111111100011101010010101
111111100011101011010011
111111100011101011100001
111111100011101011011110
111111100011101011101100
111111100011101100101100
111111100011101111000000
111111100011110011000110
111111100011111001011111
111111100100000010100110
111111100100001110111001
111111100100011110110001
111111100100110010100101
111111100101001010101100
111111100101100111011000
111111100110001000111001
111111100110101111011101
111111100111011011001110
111111101000001100010010
111111101001000010101111
111111101001111110100100
111111101010111111101111
111111101100000110001011
111111101101010001101111
111111101110100010001110
111111101111110111011011
111111110001010001000100
111111110010101110110100
111111110100010000010100
111111110101110101001100
111111110111011101000001
111111111001000111010111
111111111010110011101110
111111111100100001100111
111111111110010000100011
000000000000000000000000
000000000001101111011101
000000000011011110011001
000000000101001100010010
000000000110111000101001
000000001000100010111111
000000001010001010110100
000000001011101111101100
000000001101010001001100
000000001110101110111100
000000010000001000100101
000000010001011101110010
000000010010101110010001
000000010011111001110101
000000010101000000010001
000000010110000001011100
000000010110111101010001
000000010111110011101110
000000011000100100110010
000000011001010000100011
000000011001110111000111
000000011010011000101000
000000011010110101010100
000000011011001101011011
000000011011100001001111
000000011011110001000111
000000011011111101011010
000000011100000110100001
000000011100001100111010
000000011100010001000000
000000011100010011010100
000000011100010100010100
000000011100010100100010
000000011100010100011111
000000011100010100101101
000000011100010101101011
000000011100010111111011
000000011100011011111110
000000011100100010010001
000000011100101011010011
000000011100110111011111
000000011101000111010000
000000011101011010111101
000000011101110010111101
000000011110001111100001
000000011110110000111010
000000011111010111010111
000000100000000011000000
000000100000110011111111
000000100001101010010101
000000100010100110000110
000000100011100111001101
000000100100101101100111
000000100101111001001001
000000100111001001101001
000000101000011110110111
000000101001111000100011
000000101011010110011000
000000101100110111111111
000000101110011100111111
000000110000000100111110
000000110001101111011111
000000110011011100000011
000000110101001010001100
000000110110111001011000
000000111000101001000110
000000111010011000110101
000000111100001000000100
000000111101110110010010
000000111111100010111101
000001000001001101100111
000001000010110101110001
000001000100011010111110
000001000101111100110010
000001000111011010110101
000001001000110100110000
000001001010001010001110
000001001011011010111110
000001001100100110101111
000001001101101101010111
000001001110101110101100
000001001111101010101001
000001010000100001001010
000001010001010010010001
000001010001111110000001
000001010010100100100001
000001010011000101111100
000001010011100010011110
000001010011111010011000
000001010100001101111101
000001010100011101100010
000001010100101001100000
000001010100110010001111
000001010100111000001101
000001010100111011110110
000001010100111101101011
000001010100111110001010
000001010100111101110110
000001010100111101001111
000001010100111100110111
000001010100111101010000
000001010100111110111011
000001010101000010011000
000001010101001000000111
000001010101010000100101
000001010101011100001111
000001010101101011011111
000001010101111110101101
000001010110010110010000
000001010110110010011011
000001010111010011011111
000001010111111001101000
000001011000100101000011
000001011001010101110110
000001011010001100000110
000001011011000111110100
000001011100001000111110
000001011101001111011110
000001011110011011001100
000001011111101011111100
000001100001000001011111
000001100010011011100100
000001100011111001110111
000001100101011011111111
000001100111000001100110
000001101000101010001110
000001101010010101011011
000001101100000010101111
000001101101110001101001
000001101111100001101001
000001110001010010001101
000001110011000010110011
000001110100110010111001
000001110110100001111110
000001111000001111100001
000001111001111011000001
000001111011100011111111
000001111101001001111110
000001111110101100100011
000010000000001011010010
000010000001100101110110
000010000010111011111001
000010000100001101001000
000010000101011001010101
000010000110100000010011
000010000111100001111000
000010001000011101111111
000010001001010100100100
000010001010000101101001
000010001010110001010000
000010001011010111100010
000010001011111000100111
000010001100010100101110
000010001100101100000111
000010001100111111000100
000010001101001101111100
000010001101011001000111
000010001101100000111111
000010001101100110000001
000010001101101000101011
000010001101101001011100
000010001101101000110110
000010001101100111011010
000010001101100101101001
000010001101100100000111
000010001101100011010110
000010001101100011110111
000010001101100110001100
000010001101101010110100
000010001101110010001110
000010001101111100111000
000010001110001011001011
000010001110011101100011
000010001110110100010100
000010001111001111110010
000010001111110000010000
000010010000010101111011
000010010001000000111111
000010010001110001100010
000010010010100111101010
000010010011100011011000
000010010100100100101010
000010010101101011011011
000010010110110111100010
000010011000001000110011
000010011001011110111111
000010011010111001110100
000010011100011000111111
000010011101111100000110
000010011111100010110001
000010100001001100100100
000010100010111001000001
000010100100100111101001
000010100110010111111011
000010101000001001010110
000010101001111011010111
000010101011101101011011
000010101101011111000000
000010101111001111100011
000010110000111110100010
000010110010101011011100
000010110100010101110001
000010110101111101000011
000010110111100000110101
000010111001000000101100
000010111010011100010001
000010111011110011001110
000010111101000101010000
000010111110010010000110
000010111111011001100101
000011000000011011100010
000011000001010111110110
000011000010001110011111
000011000010111111011101
000011000011101010110100
000011000100010000101010
000011000100110001001011
000011000101001100100011
000011000101100011000011
000011000101110100111111
000011000110000010101101
000011000110001100100101
000011000110010011000100
000011000110010110100110
000011000110010111101010
000011000110010110110001
000011000110010100011101
000011000110010001001111
000011000110001101101011
000011000110001010010110
000011000110000111110001
000011000110000110100000
000011000110000111000101
000011000110001010000001
000011000110001111110100
000011000110011000111101
000011000110100101110110
000011000110110110111010
000011000111001100100000
000011000111100110111110
000011001000000110100101
000011001000101011100100
000011001001010110000110
000011001010000110010100
000011001010111100010010
000011001011111000000011
000011001100111001100101
000011001110000000110001
000011001111001101011111
000011010000011111100100
000011010001110110101111
000011010011010010101111
000011010100110011001110
000011010110010111110101
000011011000000000001000
000011011001101011101011
000011011011011001111111
000011011101001010100101
000011011110111100111010
000011100000110000011011
000011100010100100100101
000011100100011000110100
000011100110001100100100
000011100111111111010000
000011101001110000010110
000011101011011111010011
000011101101001011100110
000011101110110100101111
000011110000011010010001
000011110001111011110000
000011110011011000110010
000011110100110001000010
000011110110000100001010
000011110111010001111100
000011111000011010000111
000011111001011100100100
000011111010011001001010
000011111011001111110110
000011111100000000101001
000011111100101011100101
000011111101010000110011
000011111101110000011100
000011111110001010101111
000011111110011111111101
000011111110110000011001
000011111110111100011100
000011111111000100011110
000011111111001000111100
000011111111001010010101
000011111111001001000111
000011111111000101110110
000011111111000001000100
000011111110111011010110
000011111110110101001111
000011111110101111010110
000011111110101010001110
000011111110100110011101
000011111110100100100101
000011111110100101001010
000011111110101000101101
000011111110101111101101
000011111110111010101000
000011111111001001111001
000011111111011101111000
000011111111110110111100
000100000000010101010111
000100000000111001011010
000100000001100011001111
000100000010010011000001
000100000011001000110100
000100000100000100101011
000100000101000110100011
000100000110001110010111
000100000111011011111111
000100001000101111001101
000100001010000111110010
000100001011100101011011
000100001101000111110001
000100001110101110011100
000100010000011001000000
000100010010000111000000
000100010011110111111011
000100010101101011001111
000100010111100000011000
000100011001010110110100
000100011011001101111100
000100011101000101001010
000100011110111011111000
000100100000110001100001
000100100010100101100000
000100100100010111010001
000100100110000110010000
000100100111110001111101
000100101001011001110111
000100101010111101100011
000100101100011100100100
000100101101110110100011
000100101111001011001100
000100110000011010001100
000100110001100011010100
000100110010100110011011
000100110011100011010111
000100110100011010000110
000100110101001010100111
000100110101110100111110
000100110110011001010011
000100110110110111110000
000100110111010000100011
000100110111100011111111
000100110111110010011001
000100110111111100001000
000100111000000001101000
000100111000000011010111
000100111000000001110011
000100110111111101100000
000100110111110111000000
000100110111101110111001
000100110111100101110000
000100110111011100001100
000100110111010010110101
000100110111001010010001
000100110111000011000110
000100110110111101111011
000100110110111011010100
000100110110111011110101
000100110110111111111110
000100110111001000001111
000100110111010101000110
000100110111100110111011
000100110111111110000111
000100111000011010111110
000100111000111101110000
000100111001100110101010
000100111010010101110111
000100111011001011011101
000100111100000111011100
000100111101001001110101
000100111110010010100000
000100111111100001010110
000101000000110110001000
000101000010010000100110
000101000011110000011101
000101000101010101010101
000101000110111110110100
000101001000101100011100
000101001010011101101110
000101001100010010001000
000101001110001001000110
000101010000000010000011
000101010001111100011001
000101010011110111011110
000101010101110010101100
000101010111101101011011
000101011001100111000001
000101011011011110110111
000101011101010100011000
000101011111000110111101
000101100000110110000011
000101100010100001001001
000101100100000111101111
000101100101101001011001
000101100111000101101101
000101101000011100010101
000101101001101100111100
000101101010110111010101
000101101011111011010010
000101101100111000101011
000101101101101111011100
000101101110011111100101
000101101111001001001001
000101101111101100010000
000101110000001001000110
000101110000011111111001
000101110000110000111100
000101110000111100100110
000101110001000011010001
000101110001000101011000
000101110001000011011100
000101110000111101111101
000101110000110101100010
000101110000101010101110
000101110000011110001010
000101110000010000011111
000101110000000010010101
000101101111110100010110
000101101111100111001101
000101101111011011100010
000101101111010001111110
000101101111001011001000
000101101111000111100111
000101101111000111111110
000101101111001100101110
000101101111010110011000
000101101111100101010111
000101101111111010000100
000101110000010100110110
000101110000110101111111
000101110001011101101100
000101110010001100001010
000101110011000001011110
000101110011111101101011
000101110101000000101111
000101110110001010100101
000101110111011011000011
000101111000110001111011
000101111010001110111100
000101111011110001110001
000101111101011010000000
000101111111000111001101
000110000000111000111010
000110000010101110100100
000110000100100111101000
000110000110100011011101
000110001000100001011110
000110001010100000111111
000110001100100001010110
000110001110100001111000
000110010000100001111001
000110010010100000101110
000110010100011101101101
000110010110011000001011
000110011000001111100001
000110011010000011001000
000110011011110010011011
000110011101011100111000
000110011111000010000001
000110100000100001011001
000110100001111010101000
000110100011001101011001
000110100100011001011010
000110100101011110011110
000110100110011100011100
000110100111010011010000
000110101000000010110111
000110101000101011010111
000110101001001100110110
000110101001100111100010
000110101001111011101001
000110101010001001100001
000110101010010001100001
000110101010010100000101
000110101010010001101100
000110101010001010111000
000110101010000000001100
000110101001110010010001
000110101001100001101111
000110101001001111010001
000110101000111011100011
000110101000100111010010
000110101000010011001100
000110100111111111111101
000110100111101110010100
000110100111011110111011
000110100111010010011110
000110100111001001100110
000110100111000100111100
000110100111000101000010
000110100111001010011101
000110100111010101101010
000110100111100111000101
000110100111111111001000
000110101000011110000101
000110101001000100001110
000110101001110001101101
000110101010100110101011
000110101011100011001010
000110101100100111001010
000110101101110010100100
000110101111000101001110
000110110000011110111010
000110110001111111010100
000110110011100110000101
000110110101010010110011
000110110111000100111111
000110111000111100001000
000110111010110111101000
000110111100110110111000
000110111110111001001101
000111000000111101111100
000111000011000100010111
000111000101001011110000
000111000111010011010111
000111001001011010011100
000111001011100000010000
000111001101100100000100
000111001111100101001010
000111010001100010110110
000111010011011100011100
000111010101010001010110
000111010111000000111101
000111011000101010101110
000111011010001110001100
000111011011101010111010
000111011101000000100000
000111011110001110101100
000111011111010101001111
000111100000010011111110
000111100001001010110010
000111100001111001101100
000111100010100000101111
000111100011000000000011
000111100011010111110101
000111100011101000010110
000111100011110001111101
000111100011110101000100
000111100011110010001000
000111100011101001101011
000111100011011100010100
000111100011001010101001
000111100010110101010110
000111100010011101001001
000111100010000010110000
000111100001100110111100
000111100001001010011111
000111100000101110001011
000111100000010010110010
000111011111111001000111
000111011111100001111010
000111011111001101111011
000111011110111101111000
000111011110110010011101
000111011110101100010100
000111011110101100000011
000111011110110010001011
000111011110111111001110
000111011111010011100101
000111011111101111101000
000111100000010011101001
000111100000111111110101
000111100001110100010110
000111100010110001001111
000111100011110110100000
000111100101000100000010
000111100110011001101010
000111100111110111001000
000111101001011100001000
000111101011001000010000
000111101100111011000010
000111101110110011111110
000111110000110010011101
000111110010110101110110
000111110100111101011110
000111110111001000100110
000111111001010110011100
000111111011100110001110
000111111101110111001000
001000000000001000010100
001000000010011000111101
001000000100101000001111
001000000110110101010011
001000001000111111010111
001000001011000101101001
001000001101000111011001
001000001111000011111000
001000010000111010011110
001000010010101010100010
001000010100010011100010
001000010101110100111110
001000010111001110011011
001000011000011111100100
001000011001101000000110
001000011010100111110110
001000011011011110101100
001000011100001100100111
001000011100110001101010
001000011101001101111111
001000011101100001110011
001000011101101101011001
001000011101110001001010
001000011101101101100011
001000011101100011000110
001000011101010010011000
001000011100111100000011
001000011100100000110100
001000011100000001011100
001000011011011110101101
001000011010111001011101
001000011010010010100011
001000011001101010110110
001000011001000011010001
001000011000011100101100
001000010111110111111111
001000010111010110000011
001000010110110111101110
001000010110011101110101
001000010110001001001001
001000010101111010011010
001000010101110010010100
001000010101110001011111
001000010101111000011110
001000010110000111110010
001000010110011111110100
001000010111000000111010
001000010111101011010101
001000011000011111001111
001000011001011100101101
001000011010100011101111
001000011011110100001101
001000011101001101111101
001000011110110000101100
001000100000011100000011
001000100010001111100111
001000100100001010110101
001000100110001101001000
001000101000010101110100
001000101010100100001101
001000101100110111011110
001000101111001110110100
001000110001101001010110
001000110100000110001001
001000110110100100010011
001000111001000010110111
001000111011100000110110
001000111101111101010011
001001000000010111010011
001001000010101101111001
001001000101000000001011
001001000111001101010010
001001001001010100011010
001001001011010100110000
001001001101001101101000
001001001110111110011000
001001010000100110011011
001001010010000101010010
001001010011011010100010
001001010100100101110110
001001010101100111000001
001001010110011101111000
001001010111001010011010
001001010111101100101001
001001011000000100101111
001001011000010010111100
001001011000010111100101
001001011000010011000110
001001011000000110000000
001001010111110000111001
001001010111010100011101
001001010110110001011011
001001010110001000101000
001001010101011010111100
001001010100101001010010
001001010011110100100111
001001010010111101111100
001001010010000110010001
001001010001001110101010
001001010000011000001001
001001001111100011110000
001001001110110010100001
001001001110000101011100
001001001101011101011111
001001001100111011100100
001001001100100000100100
001001001100001101010010
001001001100000010011111
001001001100000000110101
001001001100001000111001
001001001100011011001100
001001001100111000001000
001001001101100000000000
001001001110010011000011
001001001111010001010110
001001010000011010111011
001001010001101111101011
001001010011001111010111
001001010100111001101101
001001010110101110010011
001001011000101100100110
001001011010110100000010
001001011101000011111000
001001011111011011011001
001001100001111001101101
001001100100011101111010
001001100111000111000000
001001101001110011111111
001001101100100011110000
001001101111010101001110
001001110010000111010000
001001110100111000101100
001001110111101000011011
001001111010010101010100
001001111100111110001110
001001111111100010000101
001010000001111111110111
001010000100010110100011
001010000110100101001110
001010001000101011000001
001010001010100111001010
001010001100011000111011
001010001101111111101110
001010001111011011000010
001010010000101010011110
001010010001101101101110
001010010010100100100110
001010010011001111000010
001010010011101101000101
001010010011111110111001
001010010100000100110000
001010010011111111000011
001010010011101110010001
001010010011010011000010
001010010010101110000011
001010010010000000000111
001010010001001010000111
001010010000001101000010
001010001111001001111011
001010001110000001111001
001010001100110110000110
001010001011100111101111
001010001010011000000100
001010001001001000010110
001010000111111001110100
001010000110101101110001
001010000101100101011101
001010000100100010000101
001010000011100100110111
001010000010101110111010
001010000010000001010011
001010000001011101000100
001010000001000011001000
001010000000110100010100
001010000000110001010111
001010000000111010111011
001010000001010001100000
001010000001110101100010
001010000010100111010000
001010000011100110110111
001010000100110100010111
001010000110001111101010
001010000111111000100010
001010001001101110100110
001010001011110001011001
001010001110000000010100
001010010000011010100111
001010010010111111011110
001010010101101101111100
001010011000100100111110
001010011011100011011110
001010011110101000001100
001010100001110001111001
001010100100111111001111
001010101000001110110111
001010101011011111010101
001010101110101111010000
001010110001111101001100
001010110101000111101110
001010111000001101011011
001010111011001100111101
001010111110000100111111
001011000000110100010000
001011000011011001100100
001011000101110011110100
001011001000000010000000
001011001010000011001100
001011001011110110100111
001011001101011011100100
001011001110110001100010
001011001111111000000110
001011010000101110111111
001011010001010110000101
001011010001101101011001
001011010001110101000110
001011010001101101100001
001011010001010111000111
001011010000110010011111
001011010000000000010111
001011001111000001101001
001011001101110111010100
001011001100100010011111
001011001011000100011001
001011001001011110010110
001011000111110001110001
001011000110000000001000
001011000100001010111110
001011000010010011111001
001011000000011100100000
001010111110100110011101
001010111100110011010111
001010111011000100111001
001010111001011100100111
001010110111111100000111
001010110110100100110111
001010110101011000010100
001010110100010111110011
001010110011100100100100
001010110010111111101111
001010110010101010010101
001010110010100101001101
001010110010110001000111
001010110011001110100111
001010110011111110001001
001010110100111111111101
001010110110010100001001
001010110111111010100111
001010111001110011000111
001010111011111101001110
001010111110011000010110
001011000001000011110000
001011000011111110100000
001011000111000111100001
001011001010011101100111
001011001101111111011011
001011010001101011011111
001011010101100000001110
001011011001011011111100
001011011101011100111000
001011100001100001001110
001011100101100111000101
001011101001101100100001
001011101101101111101001
001011110001101110011110
001011110101100111001000
001011111001010111101110
001011111100111110011010
001100000000011001011110
001100000011100111001101
001100000110100110000101
001100001001010100101001
001100001011110001100101
001100001101111011110000
001100001111110010001001
001100010001010011111101
001100010010100000100010
001100010011010111011011
001100010011111000011000
001100010100000011010110
001100010011111000011101
001100010011011000000110
001100010010100010110100
001100010001011001010111
001100001111111100101100
001100001110001101111111
001100001100001110100011
001100001001111111111001
001100000111100011101100
001100000100111011110000
001100000010001010000001
001011111111010000100011
001011111100010001100001
001011111001001111001011
001011110110001011110100
001011110011001001110001
001011110000001011011011
001011101101010011001001
001011101010100011001111
001011100111111110000010
001011100101100101110000
001011100011011100100001
001011100001100100011000
001011011111111111001110
001011011110101110110010
001011011101110100101011
001011011101010010010011
001011011101001000110101
001011011101011001010001
001011011110000100010111
001011011111001010101010
001011100000101100011100
001011100010101001101101
001011100101000010010001
001011100111110101101000
001011101011000011000011
001011101110101001100010
001011110010100111110111
001011110110111100100010
001011111011100101110110
001100000000100001111000
001100000101101110011111
001100001011001001010101
001100010000101111111100
001100010110011111101010
001100011100010101101100
001100100010001111001010
001100101000001001000111
001100101110000000100001
001100110011110010010011
001100111001011011011100
001100111110111000110111
001101000100000111101000
001101001001000100110011
001101001101101101100111
001101010001111111011010
001101010101110111101010
001101011001010100000110
001101011100010010100111
001101011110110001010110
001101100000101110101100
001101100010001001010100
001101100011000000001101
001101100011010010100110
001101100011000000000111
001101100010001000101011
001101100000101100100011
001101011110101100010100
001101011100001000111101
001101011001000011110001
001101010101011110010111
001101010001011010101110
001101001100111011001000
001101001000000010001100
001101000010110010110010
001100111101010000000101
001100110111011101100001
001100110001011110101100
001100101011010111011111
001100100101001011111010
001100011111000000000110
001100011000111000010100
001100010010111000111010
001100001101000110001111
001100000111100100101011
001100000010011000100010
001011111101100110000101
001011111001010001011100
001011110101011110100101
001011110010010001010011
001011101111101101001000
001011101101110101010110
001011101100101100111011
001011101100010110100001
001011101100110100010111
001011101110001000010100
001011110000010011110110
001011110011010111111001
001011110111010100111110
001011111100001011000110
001100000001111001110001
001100001000011111111101
001100001111111100000111
001100011000001100001001
001100100001001101011100
001100101010111100110110
001100110101010110101011
001101000000010110110000
001101001011111000011010
001101010111110110011101
001101100100001011010010
001101110000110000110110
001101111101100000101110
001110001010010100000110
001110010111000011110110
001110100011101000100011
001110101111111010100100
001110111011110010000010
001111000111000110111101
001111010001110001001110
001111011011101000101100
001111100100100101001101
001111101100011110101011
001111110011001101001001
001111111000101000110000
001111111100101001111100
001111111111001001010110
001111111111111111111111
001111111111000111001101
001111111100011000110011
001111110111101111000000
001111110001000100100101
001111101000010100110110
001111011101011011101101
001111010000010101101011
001111000000111111111101
001110101111011000011001
001110011011011101100100
001110000101001110110010
001101101100101100000011
001101010001110110001011
001100110100101110101011
001100010101010111110111
001011110011110100110000
001011010000001001001000
001010101010011001100000
001010000010101011000101
001001011001000011110000
001000101101101010000011
001000000000100101001011
000111010001111100110110
000110100001111001011010
000101110000100011101000
000100111110000100110001
000100001010100110100001
000011010110010010111000
000010100001010100001010
000001101011110100111100
000000110101111111111011
