000000000000000000000000
111110010101100101001111
111100101100011110010101
111011000101111101010001
111001100011010000011011
111000000101100000110101
110110101101110000100111
110101011100111001100111
110100010011101100001111
110011010010101110100001
110010011010011011011011
110001101011000010100110
110001000100101000000111
110000100111000100110010
110000010010000110100101
110000000101010001011001
110000000000000000000001
110000000001100101010001
110000001001001101011000
110000010101111111011111
110000100110111111001011
110000111011001110001001
110001010001101101101110
110001101001100000100101
110010000001101100000101
110010011001011001101110
110010101111111000010110
110011000100011101000110
110011010110100100010000
110011100101110001110100
110011110001110001110110
110011111010011000100010
110011111111100010000100
110100000001010010010010
110011111111110100001001
110011111011011000111010
110011110100010111010000
110011101011001010010100
110011100000010000011101
110011010100001010010000
110011000111011001001010
110010111010011110100000
110010101101111010010000
110010100010001010001001
110010010111101000101011
110010001110101100011011
110010000111100111011011
110010000010100110110011
110001111111110010011101
110001111111001101000011
110010000000110100001010
110010000100100000100000
110010001010000110011000
110010010001010110010011
110010011001111101100101
110010100011100111001100
110010101101111100011110
110010111000100110000100
110011000011001100101100
110011001101011001111111
110011010110111001001111
110011011111011000000100
110011100110100110111101
110011101100011001110001
110011110000100111111110
110011110011001100111100
110011110100000111111001
110011110011011011111000
110011110001001111100000
110011101101101100101000
110011101000111111111011
110011100011011000010101
110011011101000110011111
110011010110011100000011
110011001111101011000111
110011001001000101011110
110011000010111100000110
110010111101011110011110
110010111000111010000110
110010110101011010000111
110010110011000110111000
110010110010000101110110
110010110010011001010110
110010110100000000101000
110010110110110111111100
110010111010111000110001
110010111111111010000100
110011000101110000101111
110011001100001111111101
110011010011001001110010
110011011010001111100110
110011100001010010101011
110011101000000100101101
110011101110011000010110
110011110100000001100101
110011111000110110001101
110011111100101110000110
110011111111100011100010
110100000001010011010000
110100000001111100101001
110100000001100001100100
110100000000000110011000
110011111101110001100111
110011111010101011110100
110011110110111111000110
110011110010110110110001
110011101110011110111101
110011101010000100000111
110011100101110010100011
110011100001110110000011
110011011110011001011001
110011011011100110000001
110011011001100011101101
110011011000011000010110
110011011000000111101101
110011011000110011010111
110011011010011010101101
110011011100111010111110
110011100000001111011000
110011100100010001010100
110011101000111000101011
110011101101111100000110
110011110011010001011000
110011111000101101110100
110011111110000110100111
110100000011010001010100
110100001000000100000111
110100001100010110001110
110100010000000000001011
110100010010111100000101
110100010101000101110101
110100010110011011001010
110100010110111011101111
110100010110101001001100
110100010101100110111100
110100010011111010000111
110100010001101001010001
110100001110111100001101
110100001011111011101001
110100001000110000110110
110100000101100101011000
110100000010100010101000
110011111111110001100100
110011111101011010011011
110011111011100100010100
110011111010010101000111
110011111001110001001011
110011111001111011001111
110011111010110100010100
110011111100011011101110
110011111110101111000101
110100000001101010011100
110100000101001000100000
110100001001000010101101
110100001101010001100110
110100010001101101000010
110100010110001100100100
110100011010100111101010
110100011110110110000100
110100100010110000000101
110100100110001110111000
110100101001001100101011
110100101011100100111100
110100101101010100100111
110100101110011010000110
110100101110110101011000
110100101110100111111101
110100101101110100110100
110100101100100000010001
110100101010101111110001
110100101000101001110001
110100100110010101011000
110100100011111010001101
110100100001011111111101
110100011111001110010001
110100011101001100010111
110100011011100000110011
110100011010010001010000
110100011001100010010101
110100011001010111011001
110100011001110010011100
110100011010110100000110
110100011100011011100011
110100011110100110101001
110100100001010001111100
110100100100011000110101
110100100111110101110011
110100101011100010100101
110100101111011000010111
110100110011010000000110
110100110111000010110000
110100111010101001100010
110100111101111110001001
110101000000111011000001
110101000011011011100010
110101000101011100000111
110101000110111010011001
110101000111110101010010
110101001000001100111110
110101001000000010111111
110101000111011001111111
110101000110010101110011
110101000100111011001010
110101000011001111101000
110101000001011001010000
110100111111011110100000
110100111101100101111000
110100111011110101110010
110100111010010100001111
110100111001000110101010
110100111000010001101100
110100110111111001000101
110100110111111111011101
110100111000100110010101
110100111001101101111110
110100111011010101011111
110100111101011010110101
110100111111111010111000
110101000010110001100100
110101000101111010000001
110101001001001110110011
110101001100101010000001
110101010000000101101001
110101010011011011101011
110101010110100110010101
110101011001100000010110
110101011100000101000100
110101011110010000101011
110101100000000000010011
110101100001010010000110
110101100010000101010111
110101100010011010011110
110101100010010010111010
110101100001110001001101
110101100000111000110100
110101011111101101111111
110101011110010101100111
110101011100110101000010
110101011011010001110111
110101011001110001101111
110101011000011010001001
110101010111010000001111
110101010110011000100111
110101010101110111001011
110101010101101110111110
110101010110000010000110
110101010110110001101100
110101010111111101110001
110101011001100101010111
110101011011100110011110
110101011101111110001110
110101100000101000111001
110101100011100010000111
110101100110100101000010
110101101001101100011111
110101101100110011001000
110101101111110011110000
110101110010101001010111
110101110101001111011011
110101110111100001111111
110101111001011101110111
110101111011000000101101
110101111100001001000110
110101111100110110100101
110101111101001001101100
110101111101000011111101
110101111100100111110001
110101111011111000010011
110101111010111001011101
110101111001101111101001
110101111000011111101001
110101110111001110011100
110101110110000001000000
110101110100111100001001
110101110100000100010110
110101110011011101100100
110101110011001011000110
110101110011001111100000
110101110011101100011110
110101110100100010110010
110101110101110010010100
110101110111011001111111
110101111001010111110111
110101111011101001001101
110101111110001010100110
110110000000111000000010
110110000011101101001000
110110000110100101001110
110110001001011011100100
110110001100001011100001
110110001110110000101110
110110010001000111001110
110110010011001011100111
110110010100111011001011
110110010110010011111111
110110010111010100111110
110110010111111101111001
110110011000001111011100
110110011000001011000111
110110010111110011001110
110110010111001010110001
110110010110010101010110
110110010101010111000000
110110010100010100000100
110110010011010001000011
110110010010010010011001
110110010001011100011000
110110010000110010111011
110110010000011001100000
110110010000010010111100
110110010000100001011001
110110010001000110001101
110110010010000001111010
110110010011010100001101
110110010100111011111101
110110010110110111010010
110110011001000011100010
110110011011011101100010
110110011110000001100100
110110100000101011100101
110110100011010111010111
110110100110000000101000
110110101000100011001110
110110101010111011001111
110110101101000101001100
110110101110111110001010
110110110000100011110010
110110110001110100100000
110110110010101111011111
110110110011010100101101
110110110011100100111100
110110110011100001101110
110110110011001101010010
110110110010101010011111
110110110001111100101100
110110110001000111101000
110110110000001111010100
110110101111010111110100
110110101110100101001011
110110101101111011001111
110110101101011101011111
110110101101001110111110
110110101101010010001001
110110101101101000110100
110110101110010100000011
110110101111010100001011
110110110000101000110001
110110110010010000101000
110110110100001001110111
110110110110010001111111
110110111000100101111011
110110111011000010001111
110110111101100011001100
110111000000000100110111
110111000010100011011000
110111000100111010111101
110111000111001000000110
110111001001000111101110
110111001010110111001110
110111001100010100101000
110111001101011110101001
110111001110010100101001
110111001110110110110001
110111001111000101111001
110111001111000011100100
110111001110110001111110
110111001110010011110110
110111001101101100010110
110111001100111111000000
110111001100001111011110
110111001011100001100011
110111001010111000111010
110111001010011001000010
110111001010000101000010
110111001001111111101000
110111001010001010111011
110111001010101000011110
110111001011011001000111
110111001100011100111110
110111001101110011100000
110111001111011011011110
110111010001010011000000
110111010011010111101010
110111010101100110100100
110111010111111100011011
110111011010010101110001
110111011100101110111110
110111011111000100011101
110111100001010010110001
110111100011010110110001
110111100101001101101010
110111100110110101001101
110111101000001011101011
110111101001001111111111
110111101010000001110001
110111101010100001010000
110111101010101111011011
110111101010101101110101
110111101010011110100111
110111101010000100011010
110111101001100010001110
110111101000111011011000
110111101000010011010011
110111100111101101011111
110111100111001101010101
110111100110110101111110
110111100110101010010001
110111100110101100100111
110111100110111110110110
110111100111100010010000
110111101000010111100000
110111101001011110100100
110111101010110110110001
110111101100011110110111
110111101110010100111101
110111110000010110101101
110111110010100001010100
110111110100110001101100
110111110111000100100011
110111111001010110100010
110111111011100100010010
110111111101101010101100
110111111111100110110110
111000000001010110010001
111000000010110110111110
111000000100000111011101
111000000101000110111001
111000000101110101000000
111000000110010010001110
111000000110011111100010
111000000110011110100010
111000000110010001010110
111000000101111010011111
111000000101011100110111
111000000100111011100101
111000000100011001111010
111000000011111011000100
111000000011100010001110
111000000011010010001111
111000000011001101101100
111000000011010110101110
111000000011101110111101
111000000100010111011101
111000000101010000101101
111000000110011010100011
111000000111110100010000
111000001001011100011110
111000001011010001010111
111000001101010000100110
111000001111010111100001
111000010001100011001010
111000010011110000011011
111000010101111100001000
111000011000000011001100
111000011010000010101101
111000011011111000000100
111000011101100000111111
111000011110111011101110
111000100000000111000000
111000100001000010001001
111000100001101101000100
111000100010001000010000
111000100010010100110011
111000100010010100010011
111000100010001000110101
111000100001110100111000
111000100001011011001100
111000100000111110110001
111000100000100010101011
111000100000001001111011
111000011111110111011101
111000011111101101111010
111000011111101111101001
111000011111111110100010
111000100000011100000010
111000100001001001000010
111000100010000101110100
111000100011010010001001
111000100100101101001010
111000100110010101100001
111000101000001001011000
111000101010000110011100
111000101100001010001001
111000101110010001101001
111000110000011001111111
111000110010100000001101
111000110100100001011001
111000110110011010110111
111000111000001010001101
111000111001101101011001
111000111011000010110111
111000111100001001100001
111000111101000000111000
111000111101101000111100
111000111110000010010101
111000111110001110001010
111000111110001110000100
111000111110000100000111
111000111101110010101100
111000111101011100011111
111000111101000100010101
111000111100101101001001
111000111100011001110010
111000111100001100111101
111000111100001001000111
111000111100010000011001
111000111100100100100001
111000111101000110101101
111000111101110111101100
111000111110110111101000
111001000000000110001011
111001000001100010011010
111001000011001010111011
111001000100111101111000
111001000110111001000010
111001001000111001111010
111001001010111101101111
111001001101000001101111
111001001111000011000100
111001010000111111000010
111001010010110011000111
111001010100011101000111
111001010101111011001011
111001010111001011111100
111001011000001110011110
111001011001000010011010
111001011001100111111010
111001011001111111101010
111001011010001010110101
111001011010001011000101
111001011010000010011100
111001011001110011010000
111001011001100000001000
111001011001001011110010
111001011000111000111111
111001011000101010011011
111001011000100010101000
111001011000100011111010
111001011000110000001011
111001011001001000111110
111001011001101111011000
111001011010100011111101
111001011011100110110001
111001011100110111010100
111001011110010100101010
111001011111111101010110
111001100001101111100001
111001100011101001000000
111001100101100111010110
111001100111100111111010
111001101001101000000001
111001101011100100111110
111001101101011100001111
111001101111001011011111
111001110000110000101010
111001110010001010000111
111001110011010110100111
111001110100010101011010
111001110101000110010001
111001110101101001011011
111001110101111111101010
111001110110001010001101
111001110110001010101111
111001110110000011010000
111001110101110110000100
111001110101100101101101
111001110101010100110001
111001110101000101111010
111001110100111011101011
111001110100111000011101
111001110100111110010110
111001110101001111001000
111001110101101100001011
111001110110010110011010
111001110111001110010001
111001111000010011101100
111001111001100110000110
111001111011000100011110
111001111100101101010101
111001111110011110110101
111010000000010110110101
111010000010010010111001
111010000100010000100001
111010000110001101000110
111010001000000110000110
111010001001111001000111
111010001011100011111101
111010001101000100110000
111010001110011010000000
111010001111100010101000
111010010000011110000000
111010010001001100000001
111010010001101101000010
111010010010000001110111
111010010010001011110101
111010010010001100100100
111010010010000110000111
111010010001111010101110
111010010001101100110110
111010010001011111000000
111010010001010011101111
111010010001001101011100
111010010001001110010111
111010010001011000011110
111010010001101101011000
111010010010001110010100
111010010010111100000100
111010010011110110111100
111010010100111110110001
111010010110010010111001
111010010111110010001111
111010011001011011010011
111010011011001100001110
111010011101000010110111
111010011110111100111001
111010100000110111110101
111010100010110001001110
111010100100100110100110
111010100110010101101110
111010100111111100100011
111010101001011001010101
111010101010101010101101
111010101011101111110000
111010101100100111111111
111010101101010011011000
111010101101110010011000
111010101110000101111010
111010101110001111010010
111010101110010000001101
111010101110001010101011
111010101110000000111010
111010101101110101010010
111010101101101010010001
111010101101100010010010
111010101101011111100110
111010101101100100010101
111010101101110010010100
111010101110001011000010
111010101110101111100100
111010101111100000100101
111010110000011110010000
111010110001101000010100
111010110010111110000100
111010110100011110010101
111010110110000111100110
111010110111111000000000
111010111001101101011011
111010111011100101100110
111010111101011110000110
111010111111010100100010
111011000001000110100110
111011000010110010001000
111011000100010101001111
111011000101101110010011
111011000110111100000111
111011000111111101110101
111011001000110011001000
111011001001011100000100
111011001001111001001101
111011001010001011011111
111011001010010100010011
111011001010010101010111
111011001010010000101001
111011001010001000010110
111011001001111110110100
111011001001110110011001
111011001001110001011010
111011001001110010000101
111011001001111010010110
111011001010001011111011
111011001010101000001011
111011001011010000000100
111011001100000100000110
111011001101000100011001
111011001110010000100100
111011001111100111110101
111011010001001000111111
111011010010110010011111
111011010100100010011100
111011010110010110110001
111011011000001101001110
111011011010000011011110
111011011011110111001100
111011011101100110001011
111011011111001110011001
111011100000101110000010
111011100010000011101001
111011100011001110000110
111011100100001100101110
111011100100111111010001
111011100101100101111010
111011100110000001010000
111011100110010010010111
111011100110011010101000
111011100110011011110001
111011100110010111110010
111011100110010000110110
111011100110001001001110
111011100110000011001101
111011100110000001000010
111011100110000100110011
111011100110010000010111
111011100110100101010100
111011100111000100111000
111011100111101111111001
111011101000100110110010
111011101001101001100011
111011101010110111101110
111011101100010000011100
111011101101110010011101
111011101111011100001100
111011110001001011110000
111011110010111111000101
111011110100110011111110
111011110110101000001000
111011111000011001010100
111011111010000101011100
111011111011101010100010
111011111101000110111100
111011111110011001010010
111011111111100000100111
111100000000011100010100
111100000001001100010000
111100000001110000101101
111100000010001010010111
111100000010011010010101
111100000010100010000010
111100000010100011001111
111100000010011111111011
111100000010011010001110
111100000010010100010111
111100000010010000100101
111100000010010001000011
111100000010010111101110
111100000010100110011000
111100000010111110011111
111100000011100001001011
111100000100001111001010
111100000101001000110000
111100000110001101110111
111100000111011101111100
111100001000111000000100
111100001010011010111011
111100001100000100111010
111100001101110100001001
111100001111100110100011
111100010001011001111110
111100010011001100001011
111100010100111011000001
111100010110100100011100
111100011000000110100110
111100011001011111111101
111100011010101111001111
111100011011110011100100
111100011100101100100000
111100011101011001111101
111100011101111100010100
111100011110010100010110
111100011110100011001101
111100011110101010010111
111100011110101011100110
111100011110101000111000
111100011110100100010100
111100011110100000000111
111100011110011110011100
111100011110100001010111
111100011110101010110010
111100011110111100011000
111100011111010111011111
111100011111111101001000
111100100000101101111011
111100100001101010000111
111100100010110001011101
111100100100000011011000
111100100101011110110110
111100100111000010100010
111100101000101100110010
111100101010011011101111
111100101100001101010011
111100101101111111010111
111100101111101111110000
111100110001011100010111
111100110011000011001111
111100110100100010101000
111100110101111001000100
111100110111000101011011
111100111000000110111011
111100111000111101001101
111100111001101000010010
111100111010001000101001
111100111010011111000110
111100111010101100110111
111100111010110011011110
111100111010110100101100
111100111010110010100000
111100111010101111000001
111100111010101100010111
111100111010101100101011
111100111010110001111011
111100111010111101111101
111100111011010010010100
111100111011110000010010
111100111100011000110001
111100111101001100010010
111100111110001010111100
111100111111010100011100
111101000000101000001000
111101000010000100111011
111101000011101001011011
111101000101010011111110
111101000111000010101011
111101001000110011011110
111101001010100100010001
111101001100010010111011
111101001101111101011011
111101001111100001111000
111101010000111110101000
111101010010010010010011
111101010011011011110111
111101010100011010101001
111101010101001110010110
111101010101110111001001
111101010110010101100011
111101010110101010011110
111101010110110111001011
111101010110111101001110
111101010110111110011010
111101010110111100101101
111101010110111010001101
111101010110111001000001
111101010110111011001100
111101010111000010101011
111101010111010001001100
111101010111101000001110
111101011000001000111011
111101011000110100001000
111101011001101010010000
111101011010101011010011
111101011011110110111010
111101011101001100010100
111101011110101010011010
111101100000001111101111
111101100001111010100110
111101100011101001000101
111101100101011001001011
111101100111001000110001
111101101000110101110011
111101101010011110010010
111101101100000000011011
111101101101011010101001
111101101110101011101001
111101101111110010100000
111101110000101110101010
111101110001011111111001
111101110010000110011101
111101110010100010111110
111101110010110110011000
111101110011000010000010
111101110011000111100000
111101110011001000100111
111101110011000111010111
111101110011000101110010
111101110011000101111111
111101110011001001111100
111101110011010011100011
111101110011100100011101
111101110011111110000011
111101110100100001011010
111101110101001111001111
111101110110000111111001
111101110111001011010001
111101111000011000111100
111101111001110000000010
111101111011001111011010
111101111100110101100011
111101111110100000101111
111110000000001111000100
111110000001111110011111
111110000011101100111101
111110000101011000011100
111110000110111111000000
111110001000011110111010
111110001001110110101011
111110001011000101000111
111110001100001001010111
111110001101000010111100
111110001101110001110001
111110001110010110001010
111110001110110000110011
111110001111000010101111
111110001111001101010101
111110001111010010001101
111110001111010011001111
111110001111010010010111
111110001111010001101011
111110001111010011001011
111110001111011000110111
111110001111100100100000
111110001111110111101110
111110010000010011110011
111110010000111001101110
111110010001101010001000
111110010010100101001111
111110010011101010111010
111110010100111010100101
111110010110010011010111
111110010111110100000000
111110011001011010111110
111110011011000110100001
111110011100110100101101
111110011110100011100001
111110100000010000111011
111110100001111010111010
111110100011011111100111
111110100100111101011000
111110100110010010110001
111110100111011110101101
111110101000100000011001
111110101001010111011110
111110101010000011111100
111110101010100110001100
111110101010111110111111
111110101011001111011101
111110101011011000111111
111110101011011101010001
111110101011011110001010
111110101011011101101001
111110101011011101110001
111110101011100000100010
111110101011100111110111
111110101011110101100000
111110101100001010111101
111110101100101001011101
111110101101010001111001
111110101110000100110011
111110101111000010010110
111110110000001010010000
111110110001011011111010
111110110010110110010111
111110110100011000010001
111110110110000000000101
111110110111101100000000
111110111001011010000110
111110111011001000010110
111110111100110100101110
111110111110011101010001
111111000000000000001100
111111000001011011110110
111111000010101110111100
111111000011111000011010
111111000100110111100111
111111000101101100001111
111111000110010110011000
111111000110110110100000
111111000111001101011110
111111000111011100011101
111111000111100100111011
111111000111101000100101
111111000111101001010100
111111000111101001001000
111111000111101010000001
111111000111101110000000
111111000111110110111011
111111001000000110011111
111111001000011110001000
111111001000111111000000
111111001001101001111010
111111001010011111010011
111111001011011111001110
111111001100101001010111
111111001101111101000000
111111001111011001000110
111111010000111100010011
111111010010100100111110
111111010100010001010011
111111010101111111010100
111111010111101101000010
111111011001011000011100
111111011010111111100110
111111011100100000110001
111111011101111010011000
111111011111001011001101
111111100000010010010001
111111100001001110111111
111111100010000001001100
111111100010101001000000
111111100011000111000010
111111100011011100001011
111111100011101001101011
111111100011110001000011
111111100011110100000100
111111100011110100101000
111111100011110100101101
111111100011110110010110
111111100011111011011111
111111100100000101111110
111111100100010111011011
111111100100110001001101
111111100101010100011010
111111100110000001110001
111111100110111001100110
111111100111111011111010
111111101001001000010000
111111101010011101111000
111111101011111011101001
111111101101100000001001
111111101111001001101100
111111110000110110011101
111111110010100100011101
111111110100010001101011
111111110101111100001000
111111110111100001111100
111111111001000001011001
111111111010011001000000
111111111011100111100101
111111111100101100010000
111111111101100110100010
111111111110010110010100
111111111110111011110101
111111111111010111101111
111111111111101011000011
111111111111110111000011
111111111111111101010101
111111111111111111101010
000000000000000000000000
000000000000000000010110
000000000000000010101011
000000000000001000111101
000000000000010100111101
000000000000101000010001
000000000001000100001011
000000000001101001101100
000000000010011001011110
000000000011010011110000
000000000100011000011011
000000000101100111000000
000000000110111110100111
000000001000011110000100
000000001010000011111000
000000001011101110010101
000000001101011011100011
000000001111001001100011
000000010000110110010100
000000010010011111110111
000000010100000100010111
000000010101100010001000
000000010110110111110000
000000011000000100000110
000000011001000110011010
000000011001111110001111
000000011010101011100110
000000011011001110110011
000000011011101000100101
000000011011111010000010
000000011100000100100001
000000011100001001101010
000000011100001011010011
000000011100001011011000
000000011100001011111100
000000011100001110111101
000000011100010110010101
000000011100100011110101
000000011100111000111110
000000011101010111000000
000000011101111110110100
000000011110110001000001
000000011111101101101111
000000100000110100110011
000000100010000101101000
000000100011011111001111
000000100101000000011010
000000100110100111100100
000000101000010010111110
000000101010000000101100
000000101011101110101101
000000101101011011000010
000000101111000011101101
000000110000100110111010
000000110010000011000000
000000110011010110101001
000000110100100000110010
000000110101100000101101
000000110110010110000110
000000110111000001000000
000000110111100001111000
000000110111111001100001
000000111000001001000101
000000111000010010000000
000000111000010101111111
000000111000010110111000
000000111000010110101100
000000111000010111011011
000000111000011011000101
000000111000100011100011
000000111000110010100010
000000111001001001100000
000000111001101001101000
000000111010010011110001
000000111011001000011001
000000111100000111100110
000000111101010001000100
000000111110100100001010
000000111111111111110100
000001000001100010101111
000001000011001011010010
000001000100110111101010
000001000110100101111010
000001001000010100000000
000001001001111111111011
000001001011100111101111
000001001101001001101001
000001001110100100000110
000001001111110101110000
000001010000111101101010
000001010001111011001101
000001010010101110000111
000001010011010110100011
000001010011110101000011
000001010100001010100000
000001010100011000001001
000001010100011111011110
000001010100100010001111
000001010100100010010111
000001010100100001110110
000001010100100010101111
000001010100100111000001
000001010100110000100011
000001010101000001000001
000001010101011001110100
000001010101111100000100
000001010110101000100010
000001010111011111100111
000001011000100001010011
000001011001101101001111
000001011011000010101000
000001011100100000011001
000001011110000101000110
000001011111101111000101
000001100001011100011111
000001100011001011010011
000001100100111001011111
000001100110100101000010
000001101000001100000000
000001101001101100101001
000001101011000101011011
000001101100010101000110
000001101101011010110001
000001101110010101111000
000001101111000110010010
000001101111101100001101
000001110000001000010010
000001110000011011100000
000001110000100111001001
000001110000101100110101
000001110000101110010101
000001110000101101101001
000001110000101100110001
000001110000101101110011
000001110000110010101011
000001110000111101010001
000001110001001111001101
000001110001101001110110
000001110010001110001111
000001110010111101000100
000001110011110110101001
000001110100111010111001
000001110110001001010101
000001110111100001000110
000001111001000001000000
000001111010100111100100
000001111100010011000011
000001111110000001100001
000001111111110000111100
000010000001011111010001
000010000011001010011101
000010000100110000100110
000010000110001111111110
000010000111100111000100
000010001000110100101111
000010001001111000000111
000010001010110000110001
000010001011011110100110
000010001100000001111101
000010001100011011100011
000010001100101100011101
000010001100110110000100
000010001100111010000001
000010001100111010001110
000010001100111000101001
000010001100110111011001
000010001100111000100000
000010001100111101111110
000010001101001001101000
000010001101011101000010
000010001101111001100011
000010001110100000000111
000010001111010001010110
000010010000001101100000
000010010001010100010111
000010010010100101010111
000010010011111111100101
000010010101100001101110
000010010111001010001101
000010011000110111001111
000010011010100110110101
000010011100010110111011
000010011110000101011010
000010011111110000010001
000010100001010101100110
000010100010110011101100
000010100100001001000110
000010100101010100101101
000010100110010101110000
000010100111001011111000
000010100111110111000101
000010101000010111110010
000010101000101110110100
000010101000111101010101
000010101001000100110100
000010101001000110111111
000010101001000101110011
000010101001000011010011
000010101001000001100110
000010101001000010110010
000010101001001000110101
000010101001010101100010
000010101001101010011101
000010101010001000110111
000010101010110001101010
000010101011100101010111
000010101100100100001001
000010101101101101101101
000010101111000001011000
000010110000011110001000
000010110010000010100101
000010110011101101000101
000010110101011011101111
000010110111001100100010
000010111000111101010101
000010111010101100000010
000010111100010110100101
000010111101111011000101
000010111111010111111000
000011000000101011100100
000011000001110101000100
000011000010110011101110
000011000011100111001111
000011000100001111101110
000011000100101101101100
000011000101000010000011
000011000101001110000101
000011000101010011010101
000011000101010011101001
000011000101010000111111
000011000101001101100000
000011000101001011010100
000011000101001100100010
000011000101010011001001
000011000101100000111010
000011000101110111010111
000011000110010111101110
000011000111000010110011
000011000111111001000101
000011001000111010100101
000011001010000110111100
000011001011011101011000
000011001100111100110001
000011001110100011101001
000011010000010000010000
000011010010000000101001
000011010011110010101101
000011010101100100010001
000011010111010011001110
000011011000111101011110
000011011010100001001010
000011011011111100101000
000011011101001110100011
000011011110010101111001
000011011111010010000101
000011100000000010111000
000011100000101000100001
000011100001000011101000
000011100001010101001110
000011100001011110101001
000011100001100001100100
000011100001011111111001
000011100001011011101100
000011100001010111001000
000011100001010100011010
000011100001010101101001
000011100001011100110011
000011100001101011101010
000011100010000011101100
000011100010100110000011
000011100011010011100000
000011100100001100011100
000011100101010000110001
000011100110100000000011
000011100111111001011010
000011101001011011100100
000011101011000100111111
000011101100110011110101
000011101110100110000010
000011110000011001011101
000011110010001011110111
000011110011111011000110
000011110101100101000101
000011110111000111111100
000011111000100010000100
000011111001110010001001
000011111010110111010000
000011111011110000110110
000011111100011110110101
000011111101000001100001
000011111101011001101000
000011111101101000010010
000011111101101110111101
000011111101101111011011
000011111101101011101001
000011111101100101110010
000011111101100000000101
000011111101011100110001
000011111101011101111110
000011111101100101101011
000011111101110101101001
000011111110001111010011
000011111110110011110000
000011111111100011101100
000100000000011111011001
000100000001100110101110
000100000010111001000100
000100000100010101011110
000100000101111010100100
000100000111100110101100
000100001001010111111000
000100001011001100000010
000100001101000000111011
000100001110110100010000
000100010000100011110100
000100010010001101100011
000100010011101111100100
000100010101001000010010
000100010110010110011101
000100010111011001001110
000100011000010000000111
000100011000111011001000
000100011001011010101100
000100011001101111101001
000100011001111011001101
000100011001111110111110
000100011001111100110011
000100011001110110110010
000100011001101111001010
000100011001101000001110
000100011001100100001111
000100011001100101011000
000100011001101101101001
000100011001111110110000
000100011010011010000110
000100011011000000101111
000100011011110011010010
000100011100110001111010
000100011101111100010111
000100011111010001111110
000100100000110001100111
000100100010011001110101
000100100100001000110100
000100100101111100100010
000100100111110010110010
000100101001101001001111
000100101011011101100100
000100101101001101100001
000100101110110111000001
000100110000011000001011
000100110001101111011100
000100110010111011100111
000100110011111011111010
000100110100101111111100
000100110101010111110101
000100110101110100000101
000100110110000101101010
000100110110001101111011
000100110110001110100110
000100110110001001100111
000100110110000001001100
000100110101110111101010
000100110101101111010111
000100110101101010101001
000100110101101011101101
000100110101110100100001
000100110110000110110011
000100110110100011111100
000100110111001100111000
000100111000000010001011
000100111001000011111001
000100111010010001101101
000100111011101010110001
000100111101001101111000
000100111110111001011010
000101000000101011011110
000101000010100001111010
000101000100011010011010
000101000110010010100101
000101001000001000000000
000101001001111000011010
000101001011100001101011
000101001101000001111100
000101001110010111101100
000101001111100001110000
000101010000011111011011
000101010001010000011100
000101010001110100111110
000101010010001101101100
000101010010011011101011
000101010010100000011010
000101010010011101101110
000101010010010101101111
000101010010001010101110
000101010001111111000110
000101010001110101010101
000101010001101111110011
000101010001110000101110
000101010001111010000110
000101010010001101101000
000101010010101100101000
000101010011011000000001
000101010100010000010000
000101010101010101010011
000101010110100110101011
000101011000000011011101
000101011001101010010010
000101011011011001011010
000101011101001110110010
000101011111001000001011
000101100001000011000111
000101100010111101001001
000101100100110011110010
000101100110100100101101
000101101000001101110001
000101101001101101000111
000101101011000001001111
000101101100001001000100
000101101101000011111100
000101101101110001101100
000101101110010010101000
000101101110100111100010
000101101110110001101001
000101101110110010100100
000101101110101100010001
000101101110100001000000
000101101110010011001010
000101101110000101010010
000101101101111001111001
000101101101110011011100
000101101101110100001011
000101101101111110001001
000101101110010010111110
000101101110110011111111
000101101111100010000000
000101110000011101011000
000101110001100110000000
000101110010111011010000
000101110100011100000011
000101110110000110111001
000101110111111001111010
000101111001110010111010
000101111011101111011111
000101111101101101000111
000101111111101001001011
000110000001100001001011
000110000011010010101011
000110000100111011100010
000110000110011001111010
000110000111101100010100
000110001000110001101111
000110001001101001100110
000110001010010011110101
000110001010110000111000
000110001011000001101010
000110001011000111100011
000110001011000100010101
000110001010111010000110
000110001010101011001111
000110001010011010010011
000110001010001001111100
000110001001111100110000
000110001001110101010001
000110001001110101110011
000110001010000000010110
000110001010010110100101
000110001010111001101111
000110001011101010100110
000110001100101001011001
000110001101110101111001
000110001111001111010110
000110010000110100100001
000110010010100011110001
000110010100011011000010
000110010110010111111111
000110011000011000000110
000110011010011000101010
000110011100010111000000
000110011110010000011111
000110100000000010101010
000110100001101011010110
000110100011001000101100
000110100100011001001111
000110100101011100000011
000110100110010000101000
000110100110110111000010
000110100111001111110101
000110100111011100000110
000110100111011101011000
000110100111010101100101
000110100111000111000001
000110100110110100001110
000110100110011111111000
000110100110001100110000
000110100101111101100100
000110100101110100111011
000110100101110101001011
000110100110000000010110
000110100110011000000110
000110100110111101100110
000110100111110001100010
000110101000110100000100
000110101010000100110101
000110101011100010111001
000110101101001100111001
000110101111000000111110
000110110000111100111100
000110110010111110010001
000110110101000010010001
000110110111000110000110
000110111001000110111110
000110111011000010001000
000110111100110101000101
000110111110011101100110
000110111111111001110101
000111000001001000011000
000111000010001000010100
000111000010111001010011
000111000011011011011111
000111000011101111100111
000111000011110110111001
000111000011110011000011
000111000011100110001110
000111000011010010110111
000111000010111011101011
000111000010100011100001
000111000010001101010100
000111000001111011111001
000111000001110001111100
000111000001110001110110
000111000001111101101011
000111000010010111000100
000111000010111111001000
000111000011110110011111
000111000100111101001001
000111000110010010100111
000111000111110101110011
000111001001100101001001
000111001011011110100111
000111001101011111110011
000111001111100110000001
000111010001101110010111
000111010011110101110111
000111010101111001100100
000111010111110110101000
000111011001101010011111
000111011011010010110110
000111011100101101110111
000111011101111010001100
000111011110110110111110
000111011111100011111110
000111100000000001011110
000111100000010000010111
000111100000010010000110
000111100000001000100011
000111011111110110000101
000111011111011101010101
000111011111000001001111
000111011110100100110100
000111011110001011001000
000111011101110111001011
000111011101101011101101
000111011101101011001101
000111011101110111110000
000111011110010010111100
000111011110111101110111
000111011111111001000000
000111100001000100010010
000111100010011111000001
000111100100000111111100
000111100101111101010011
000111100111111100110100
000111101010000011111000
000111101100001111100101
000111101110011100110110
000111110000101000011111
000111110010101111011010
000111110100101110101001
000111110110100011100010
000111111000001011110000
000111111001100101011101
000111111010101111010011
000111111011101000100011
000111111100010001000011
000111111100101001010010
000111111100110010010100
000111111100101101110001
000111111100011101110010
000111111100000100111100
000111111011100110000110
000111111011000100011011
000111111010100011001001
000111111010000101100001
000111111001101110101010
000111111001100001011110
000111111001100000011110
000111111001101101110010
000111111010001011000000
000111111010111001000111
000111111011111000100011
000111111101001001000010
000111111110101001101111
001000000000011001001010
001000000010010101010100
001000000100011011101110
001000000110101001011110
001000001000111011011101
001000001011001110010100
001000001101011110101100
001000001111101001010011
001000010001101011000011
001000010011100001001001
001000010101001001001111
001000010110100001011100
001000010111101000100000
001000011000011101110000
001000011001000001001010
001000011001010011011001
001000011001010101101111
001000011001001010000010
001000011000110010101011
001000011000010010100001
001000010111101100101101
001000010111000100101000
001000010110011101110010
001000010101111011100110
001000010101100001011001
001000010101010010001011
001000010101010000100101
001000010101011110110000
001000010101111110001111
001000010110110000000001
001000010111110100010101
001000011001001010110011
001000011010110010010110
001000011100101001001111
001000011110101101001111
001000100000111011100011
001000100011010001000010
001000100101101010001111
001000101000000011100101
001000101010011001011100
001000101100101000010110
001000101110101101000000
001000110000100100100010
001000110010001100100000
001000110011100011000010
001000110100100110111001
001000110101010111100010
001000110101110101000101
001000110110000000011000
001000110101111010111110
001000110101100110111110
001000110101000111000110
001000110100011110011101
001000110011110000100010
001000110011000001000000
001000110010010011101010
001000110001101100001010
001000110001001110000010
001000110000111100011100
001000110000111010000111
001000110001001001001111
001000110001101011010111
001000110010100001010111
001000110011101011011000
001000110101001000110010
001000110110111000010010
001000111000110111111010
001000111011000101000011
001000111101011100101000
001000111111111011001001
001001000010011100110100
001001000100111101110001
001001000111011010000101
001001001001101110000001
001001001011110110001001
001001001101101111011000
001001001111010111001111
001001010000101011110101
001001010001101011111101
001001010010010111001100
001001010010101101110111
001001010010110001000010
001001010010100010100001
001001010010000100110001
001001010001011010110101
001001010000101000001100
001001001111110000101100
001001001110111000011000
001001001110000011010100
001001001101010101100001
001001001100110010101110
001001001100011110010010
001001001100011011000100
001001001100101011010011
001001001101010000100001
001001001110001011100000
001001001111011100001110
001001010001000001110110
001001010010111010110100
001001010101000100110001
001001010111011100110010
001001011001111111011000
001001011100101000101001
001001011111010100011011
001001100001111110011100
001001100100100010011110
001001100110111100011110
001001101001001000101110
001001101011000100000011
001001101100101011110011
001001101101111110000110
001001101110111001110011
001001101111011110100111
001001101111101101000100
001001101111100110100000
001001101111001101000101
001001101110100011101000
001001101101101101100111
001001101100101110111101
001001101011101011111100
001001101010101001000000
001001101001101010101010
001001101000110101001111
001001101000001100110010
001001100111110100111001
001001100111110000100100
001001101000000010000111
001001101000101011000010
001001101001101100000001
001001101011000100110101
001001101100110100011001
001001101110111000110010
001001110001001111010010
001001110011110100011111
001001110110100100011100
001001111001011010110010
001001111100010010111000
001001111111000111111110
001010000001110101011010
001010000100010110110011
001010000110101000001001
001010001000100110000001
001010001010001101101100
001010001011011101001110
001010001100010011100010
001010001100110000100000
001010001100110100111010
001010001100100010011100
001010001011111011101010
001010001011000011110111
001010001001111111000000
001010001000110001100100
001010000111100000010111
001010000110010000010111
001010000101000110100011
001010000100000111101101
001010000011011000001111
001010000010111100000011
001010000010110110010100
001010000011001001011011
001010000011110110111010
001010000100111111010011
001010000110100010001001
001010001000011110000001
001010001010110000100101
001010001101010110101001
001010010000001100010000
001010010011001100111000
001010010110010011100001
001010011001011010111110
001010011100011101111001
001010011111010111000111
001010100010000001110010
001010100100011001100010
001010100110011010101001
001010101000000010001111
001010101001001110010100
001010101001111101111010
001010101010010001000010
001010101010001000110101
001010101001100111011001
001010101000101111110001
001010100111100101110111
001010100110001110010001
001010100100101110001001
001010100011001010111110
001010100001101010011001
001010100000010010000001
001010011111000111001100
001010011110001110110011
001010011101101101000110
001010011101100101100010
001010011101111010101001
001010011110101101111010
001010011111111111101101
001010100001101111010101
001010100011111010111100
001010100110011111101010
001010101001011001101011
001010101100100100010101
001010101111111010010111
001010110011010101111111
001010110110110001001101
001010111010000101111111
001010111101001110011100
001011000000000101001000
001011000010100101001011
001011000100101010100001
001011000110010010000010
001011000111011001101011
001011001000000000100011
001011001000000110111011
001011000111101110010100
001011000110111001010110
001011000101101011110001
001011000100001010001110
001011000010011010001000
001011000000100001100000
001010111110100110110000
001010111100110000011000
001010111011000100110110
001010111001101010001101
001010111000100110000001
001010110111111101000001
001010110111110011000010
001010111000001010101110
001010111001000101100111
001010111010100011111001
001010111100100100011110
001010111111000100111111
001011000010000001110111
001011000101010110011110
001011001000111101010000
001011001100101111111010
001011010000100111101001
001011010100011101011011
001011011000001010001101
001011011011100111001011
001011011110101110000100
001011100001011001010111
001011100011100100011101
001011100101001011111010
001011100110001101100100
001011100110101000100111
001011100110011101101011
001011100101101110110000
001011100100011111001101
001011100010110011101001
001011100000110001101111
001011011110100000000011
001011011100000101110011
001011011001101010101000
001011010111010110001111
001011010101010000001111
001011010011011111101111
001011010010001011001100
001011010001011000000011
001011010001001010101000
001011010001100101111010
001011010010101011011001
001011010100011011000100
001011010110110011010101
001011011001110001001000
001011011101001111111011
001011100001001001111100
001011100101011000010110
001011101001110011011100
001011101110010010111110
001011110010101110011010
001011110110111101010011
001011111010110111100000
001011111110010101100100
001100000001010000111011
001100000011100100010010
001100000101001011101100
001100000110000100110001
001100000110001110110101
001100000101101010111001
001100000100011011101100
001100000010100101100101
001100000000001110011100
001011111101011101011000
001011111010011010101000
001011110111001111001010
001011110100000100010111
001011110001000011110011
001011101110010110101111
001011101100000101111001
001011101010011001000100
001011101001010110110100
001011101001000100010001
001011101001100100110110
001011101010111010001011
001011101101000011111011
001011101111111111110101
001011110011101001110010
001011110111111011111001
001011111100101110101100
001100000001111001011001
001100000111010010001100
001100001100101110101000
001100010010000011111010
001100010111000111010101
001100011011101110101100
001100011111110000101000
001100100011000101000010
001100100101100101010011
001100100111001100101001
001100100111111000010011
001100100111100111101010
001100100110011100010011
001100100100011001111111
001100100001100110100111
001100011110001001111101
001100011010001101011101
001100010101111011111001
001100010001100001000011
001100001101001001001111
001100001001000000111010
001100000101010100001100
001100000010001110011001
001011111111111001101000
001011111110011110011100
001011111110000011010111
001011111110101100110000
001100000000011100011110
001100000011010001111010
001100000111001001110011
001100001011111110011011
001100010001100111101010
001100010111111011010011
001100011110101101010101
001100100101110000011010
001100101100110110001110
001100110011110000000011
001100111010001111010001
001101000000000101111100
001101000101000111001111
001101001001001000000100
001101001011111111011000
001101001101100110101010
001101001101111010001010
001101001100111001001000
001101001010100101111001
001101000111000101111010
001101000010100001100010
001100111101000011111010
001100110110111010100010
001100110000010100111001
001100101001100011111101
001100100010111001100001
001100011100100111101011
001100010111000000000101
001100010010010011011000
001100001110110000100000
001100001100100100001000
001100001011111000000111
001100001100110011000100
001100001111011000000010
001100010011100110001111
001100011001011001000011
001100100000100111111100
001100101001000110110001
001100110010100110000001
001100111100110011010100
001101000111011001111100
001101010010000011100010
001101011100011000110100
001101100110000010011011
001101101110101001101101
001101110101111001101000
001101111011011111100000
001101111111001011110110
001110000000110010111101
001110000000001101100011
001101111101011001001101
001101111000011000100101
001101110001010011100101
001101101000010111010101
001101011101110101110111
001101010010000101110000
001101000101100001100000
001100111000100110110110
001100101011110101110000
001100011111101111100011
001100010100110101101100
001100001011101000110000
001100000100100111000110
001100000000001011110111
001011111110101101101110
001100000000011101111100
001100000101100111011110
001100001110001110001010
001100011010001110001100
001100101001011011110000
001100111011100010111010
001101010000000111101010
001101100110100110010010
001101111110010011111011
001110010110011111011011
001110101110010010010010
001111000100110001110111
001111011001000000110101
001111101010000000100001
001111110110110010101000
001111111110011010101111
001111111111111111111111
001111111010101110100111
001111101101111001011011
001111011000111011001110
001110111011010111111001
001110010100111101011010
001101100101100100100101
001100101101010001011111
001011101100010011110001
001010100011000110011001
001001010010001111011001
000111111010011111001011
000110011100101111100101
000100111010000010101111
000011010011100001101011
000001101010011010110001
