000000000000000000000000
111111111001011101111100
111111110010111011111001
111111101100011001111001
111111100101110111111100
111111011111010110000100
111111011000110100010010
111111010010010010100111
111111001011110001000100
111111000101001111101010
111110111110101110011011
111110111000001101011000
111110110001101100100010
111110101011001011111001
111110100100101011100000
111110011110001011011000
111110010111101011100001
111110010001001011111100
111110001010101100101100
111110000100001101110001
111101111101101111001100
111101110111010000111110
111101110000110011001001
111101101010010101101110
111101100011111000101101
111101011101011100001001
111101010111000000000010
111101010000100100011001
111101001010001001001111
111101000011101110100110
111100111101010100011111
111100110110111010111011
111100110000100001111011
111100101010001001100000
111100100011110001101011
111100011101011010011110
111100010111000011111010
111100010000101101111111
111100001010011000101111
111100000100000100001011
111011111101110000010100
111011110111011101001011
111011110001001010110001
111011101010111001001000
111011100100101000010001
111011011110011000001100
111011011000001000111011
111011010001111010011110
111011001011101100111000
111011000101100000001000
111010111111010100010001
111010111001001001010010
111010110010111111001110
111010101100110110000110
111010100110101101111001
111010100000100110101010
111010011010100000011010
111010010100011011001001
111010001110010110111001
111010001000010011101011
111010000010010001011111
111001111100010000010111
111001110110010000010100
111001110000010001010110
111001101010010011100000
111001100100010110110001
111001011110011011001100
111001011000100000110000
111001010010100111011111
111001001100101111011010
111001000110111000100010
111001000001000010111000
111000111011001110011101
111000110101011011010001
111000101111101001010111
111000101001111000101110
111000100100001001011001
111000011110011011010111
111000011000101110101001
111000010011000011010010
111000001101011001010001
111000000111110000101000
111000000010001001010111
110111111100100011011111
110111110110111111000010
110111110001011100000001
110111101011111010011011
110111100110011010010010
110111100000111011101000
110111011011011110011100
110111010110000010110000
110111010000101000100101
110111001011001111111100
110111000101111000110100
110111000000100011010000
110110111011001111010000
110110110101111100110101
110110110000101100000000
110110101011011100110010
110110100110001111001010
110110100001000011001100
110110011011111000110110
110110010110110000001010
110110010001101001001001
110110001100100011110100
110110000111100000001010
110110000010011110001110
110101111101011110000000
110101111000011111100000
110101110011100010110000
110101101110100111101111
110101101001101110100000
110101100100110111000010
110101100000000001010111
110101011011001101011111
110101010110011011011010
110101010001101011001010
110101001100111100101111
110101001000010000001010
110101000011100101011100
110100111110111100100101
110100111010010101100101
110100110101110000011111
110100110001001101010001
110100101100101011111110
110100101000001100100101
110100100011101111000111
110100011111010011100101
110100011010111001111111
110100010110100010010110
110100010010001100101011
110100001101111000111110
110100001001100111010000
110100000101010111100001
110100000001001001110011
110011111100111110000100
110011111000110100010111
110011110100101100101011
110011110000100111000010
110011101100100011011011
110011101000100001110111
110011100100100010010111
110011100000100100111011
110011011100101001100011
110011011000110000010001
110011010100111001000101
110011010001000011111110
110011001101010000111111
110011001001100000000110
110011000101110001010100
110011000010000100101011
110010111110011010001001
110010111010110001110001
110010110111001011100010
110010110011100111011100
110010110000000101100000
110010101100100101101110
110010101001001000000111
110010100101101100101100
110010100010010011011011
110010011110111100010110
110010011011100111011110
110010011000010100110010
110010010101000100010010
110010010001110110000000
110010001110101001111011
110010001011100000000011
110010001000011000011010
110010000101010010111111
110010000010001111110010
110001111111001110110100
110001111100010000000101
110001111001010011100101
110001110110011001010101
110001110011100001010100
110001110000101011100100
110001101101111000000011
110001101011000110110011
110001101000010111110011
110001100101101011000100
110001100011000000100110
110001100000011000011001
110001011101110010011101
110001011011001110110010
110001011000101101011001
110001010110001110010001
110001010011110001011011
110001010001010110110111
110001001110111110100101
110001001100101000100100
110001001010010100110110
110001001000000011011010
110001000101110100010000
110001000011100111011001
110001000001011100110011
110000111111010100100001
110000111101001110100000
110000111011001010110010
110000111001001001010110
110000110111001010001101
110000110101001101010110
110000110011010010110010
110000110001011010100000
110000101111100100100000
110000101101110000110010
110000101011111111010111
110000101010010000001110
110000101000100011010111
110000100110111000110010
110000100101010000011111
110000100011101010011110
110000100010000110101111
110000100000100101010001
110000011111000110000101
110000011101101001001010
110000011100001110100001
110000011010110110001000
110000011001100000000001
110000011000001100001010
110000010110111010100100
110000010101101011001111
110000010100011110001010
110000010011010011010100
110000010010001010101111
110000010001000100011001
110000010000000000010011
110000001110111110011100
110000001101111110110100
110000001101000001011011
110000001100000110010000
110000001011001101010011
110000001010010110100100
110000001001100010000011
110000001000101111101111
110000000111111111101000
110000000111010001101110
110000000110100110000001
110000000101111100011111
110000000101010101001001
110000000100101111111111
110000000100001101000000
110000000011101100001100
110000000011001101100010
110000000010110001000010
110000000010010110101100
110000000001111110011111
110000000001101000011011
110000000001010100011111
110000000001000010101100
110000000000110011000000
110000000000100101011100
110000000000011001111110
110000000000010000100111
110000000000001001010110
110000000000000100001010
110000000000000001000011
110000000000000000000001
110000000000000001000011
110000000000000100001001
110000000000001001010001
110000000000010000011101
110000000000011001101010
110000000000100100111010
110000000000110010001010
110000000001000001011011
110000000001010010101100
110000000001100101111101
110000000001111011001100
110000000010010010011011
110000000010101011100111
110000000011000110110000
110000000011100011110110
110000000100000010111001
110000000100100011110111
110000000101000110110000
110000000101101011100011
110000000110010010010001
110000000110111010110111
110000000111100101010111
110000001000010001101110
110000001000111111111101
110000001001110000000010
110000001010100001111110
110000001011010101101111
110000001100001011010101
110000001101000010101111
110000001101111011111100
110000001110110110111101
110000001111110011110000
110000010000110010010100
110000010001110010101001
110000010010110100101110
110000010011111000100011
110000010100111110000110
110000010110000101011000
110000010111001110010110
110000011000011001000010
110000011001100101011001
110000011010110011011100
110000011100000011001001
110000011101010100100000
110000011110100111100000
110000011111111100001000
110000100001010010010111
110000100010101010001101
110000100100000011101010
110000100101011110101011
110000100110111011010001
110000101000011001011011
110000101001111001001000
110000101011011010010111
110000101100111101000111
110000101110100001010111
110000110000000111001000
110000110001101110011000
110000110011010111000101
110000110101000001010000
110000110110101100111000
110000111000011001111100
110000111010001000011010
110000111011111000010011
110000111101101001100101
110000111111011100001111
110001000001010000010001
110001000011000101101010
110001000100111100011001
110001000110110100011101
110001001000101101110101
110001001010101000100001
110001001100100100100000
110001001110100001110000
110001010000100000010001
110001010010100000000011
110001010100100001000011
110001010110100011010010
110001011000100110101111
110001011010101011011000
110001011100110001001101
110001011110111000001100
110001100001000000010110
110001100011001001101001
110001100101010100000100
110001100111011111100110
110001101001101100001111
110001101011111001111110
110001101110001000110001
110001110000011000101000
110001110010101001100011
110001110100111011011111
110001110111001110011100
110001111001100010011010
110001111011110111010111
110001111110001101010010
110010000000100100001011
110010000010111100000001
110010000101010100110011
110010000111101110011111
110010001010001001000110
110010001100100100100101
110010001111000000111101
110010010001011110001100
110010010011111100010001
110010010110011011001100
110010011000111010111011
110010011011011011011110
110010011101111100110100
110010100000011110111011
110010100011000001110100
110010100101100101011100
110010101000001001110100
110010101010101110111010
110010101101010100101101
110010101111111011001100
110010110010100010010111
110010110101001010001100
110010110111110010101011
110010111010011011110011
110010111101000101100010
110010111111101111111001
110011000010011010110101
110011000101000110010110
110011000111110010011100
110011001010011111000101
110011001101001100010000
110011001111111001111101
110011010010101000001011
110011010101010110111000
110011011000000110000011
110011011010110101101101
110011011101100101110100
110011100000010110010110
110011100011000111010100
110011100101111000101100
110011101000101010011110
110011101011011100100111
110011101110001111001001
110011110001000010000001
110011110011110101001111
110011110110101000110010
110011111001011100101001
110011111100010000110011
110011111111000101010000
110100000001111001111110
110100000100101110111100
110100000111100100001010
110100001010011001100111
110100001101001111010001
110100010000000101001001
110100010010111011001101
110100010101110001011100
110100011000100111110110
110100011011011110011001
110100011110010101000101
110100100001001011111001
110100100100000010110100
110100100110111001110101
110100101001110000111100
110100101100101000000111
110100101111011111010101
110100110010010110100111
110100110101001101111010
110100111000000101001111
110100111010111100100100
110100111101110011111001
110101000000101011001100
110101000011100010011101
110101000110011001101100
110101001001010000110110
110101001100000111111100
110101001110111110111101
110101010001110101111000
110101010100101100101100
110101010111100011011000
110101011010011001111011
110101011101010000010110
110101100000000110100110
110101100010111100101011
110101100101110010100101
110101101000101000010011
110101101011011101110011
110101101110010011000110
110101110001001000001010
110101110011111100111110
110101110110110001100011
110101111001100101110110
110101111100011001111000
110101111111001101101000
110110000010000001000101
110110000100110100001101
110110000111100111000010
110110001010011001100001
110110001101001011101011
110110001111111101011101
110110010010101110111001
110110010101011111111100
110110011000010000100111
110110011011000000111001
110110011101110000110000
110110100000100000001101
110110100011001111001110
110110100101111101110100
110110101000101011111100
110110101011011001101000
110110101110000110110101
110110110000110011100100
110110110011011111110011
110110110110001011100011
110110111000110110110010
110110111011100001100000
110110111110001011101100
110111000000110101010110
110111000011011110011101
110111000110000111000001
110111001000101111000000
110111001011010110011010
110111001101111101010000
110111010000100011011111
110111010011001001001000
110111010101101110001010
110111011000010010100100
110111011010110110010111
110111011101011001100000
110111011111111100000001
110111100010011101111000
110111100100111111000100
110111100111011111100110
110111101001111111011101
110111101100011110100111
110111101110111101000110
110111110001011010110111
110111110011110111111100
110111110110010100010011
110111111000101111111011
110111111011001010110101
110111111101100100111111
110111111111111110011010
111000000010010111000101
111000000100101111000000
111000000111000110001001
111000001001011100100001
111000001011110010001000
111000001110000110111100
111000010000011010111101
111000010010101110001100
111000010101000000100111
111000010111010010001110
111000011001100011000001
111000011011110010111111
111000011110000010001001
111000100000010000011101
111000100010011101111011
111000100100101010100100
111000100110110110010110
111000101001000001010001
111000101011001011010101
111000101101010100100010
111000101111011100110111
111000110001100100010100
111000110011101010111001
111000110101110000100101
111000110111110101011000
111000111001111001010010
111000111011111100010011
111000111101111110011010
111000111111111111100111
111001000001111111111001
111001000011111111010001
111001000101111101101111
111001000111111011010001
111001001001110111111000
111001001011110011100100
111001001101101110010100
111001001111101000001000
111001010001100001000000
111001010011011000111011
111001010101001111111011
111001010111000101111101
111001011000111011000011
111001011010101111001011
111001011100100010010111
111001011110010100100101
111001100000000101110110
111001100001110110001001
111001100011100101011111
111001100101010011110110
111001100111000001010000
111001101000101101101011
111001101010011001001000
111001101100000011100111
111001101101101101001000
111001101111010101101001
111001110000111101001101
111001110010100011110010
111001110100001001011000
111001110101101101111111
111001110111010001100111
111001111000110100010001
111001111010010101111011
111001111011110110100111
111001111101010110010011
111001111110110101000001
111010000000010010101111
111010000001101111011111
111010000011001011001111
111010000100100110000001
111010000101111111110011
111010000111011000100111
111010001000110000011011
111010001010000111010001
111010001011011101000111
111010001100110001111111
111010001110000101111000
111010001111011000110010
111010010000101010101110
111010010001111011101011
111010010011001011101001
111010010100011010101001
111010010101101000101011
111010010110110101101110
111010011000000001110100
111010011001001100111011
111010011010010111000100
111010011011100000001111
111010011100101000011101
111010011101101111101101
111010011110110110000000
111010011111111011010101
111010100000111111101110
111010100010000011001001
111010100011000101101000
111010100100000111001010
111010100101000111101111
111010100110000111011001
111010100111000110000110
111010101000000011110111
111010101001000000101101
111010101001111100100111
111010101010110111100110
111010101011110001101010
111010101100101010110011
111010101101100011000001
111010101110011010010101
111010101111010000101111
111010110000000110001111
111010110000111010110110
111010110001101110100011
111010110010100001010111
111010110011010011010010
111010110100000100010100
111010110100110100011111
111010110101100011110001
111010110110010010001011
111010110110111111101110
111010110111101100011010
111010111000011000001111
111010111001000011001110
111010111001101101010110
111010111010010110101001
111010111010111111000110
111010111011100110101110
111010111100001101100000
111010111100110011011111
111010111101011000101001
111010111101111100111111
111010111110100000100010
111010111111000011010001
111010111111100101001110
111011000000000110011000
111011000000100110110000
111011000001000110010111
111011000001100101001100
111011000010000011010001
111011000010100000100101
111011000010111101001000
111011000011011000111100
111011000011110100000001
111011000100001110010111
111011000100100111111110
111011000101000000110111
111011000101011001000010
111011000101110000100001
111011000110000111010010
111011000110011101010111
111011000110110010110000
111011000111000111011101
111011000111011011100000
111011000111101110111000
111011001000000001100101
111011001000010011101001
111011001000100101000011
111011001000110101110101
111011001001000101111111
111011001001010101100000
111011001001100100011010
111011001001110010101101
111011001010000000011010
111011001010001101100000
111011001010011010000001
111011001010100101111110
111011001010110001010101
111011001010111100001001
111011001011000110011000
111011001011010000000101
111011001011011001010000
111011001011100001111000
111011001011101001111111
111011001011110001100100
111011001011111000101010
111011001011111111001111
111011001100000101010100
111011001100001010111011
111011001100010000000011
111011001100010100101101
111011001100011000111010
111011001100011100101010
111011001100011111111110
111011001100100010110110
111011001100100101010010
111011001100100111010100
111011001100101000111011
111011001100101010001001
111011001100101010111110
111011001100101011011010
111011001100101011011110
111011001100101011001010
111011001100101010100000
111011001100101001011111
111011001100101000001000
111011001100100110011100
111011001100100100011011
111011001100100010000110
111011001100011111011101
111011001100011100100001
111011001100011001010011
111011001100010101110010
111011001100010010000001
111011001100001101111110
111011001100001001101011
111011001100000101001000
111011001100000000010110
111011001011111011010110
111011001011110110000111
111011001011110000101011
111011001011101011000010
111011001011100101001101
111011001011011111001100
111011001011011001000000
111011001011010010101001
111011001011001100000111
111011001011000101011101
111011001010111110101001
111011001010110111101101
111011001010110000101001
111011001010101001011110
111011001010100010001100
111011001010011010110101
111011001010010011010111
111011001010001011110101
111011001010000100001110
111011001001111100100011
111011001001110100110101
111011001001101101000100
111011001001100101010001
111011001001011101011101
111011001001010101100111
111011001001001101110001
111011001001000101111011
111011001000111110000101
111011001000110110010001
111011001000101110011111
111011001000100110101111
111011001000011111000001
111011001000010111010111
111011001000001111110010
111011001000001000010000
111011001000000000110100
111011000111111001011101
111011000111110010001101
111011000111101011000011
111011000111100100000000
111011000111011101000110
111011000111010110010011
111011000111001111101010
111011000111001001001010
111011000111000010110100
111011000110111100101000
111011000110110110101000
111011000110110000110011
111011000110101011001010
111011000110100101101110
111011000110100000011111
111011000110011011011101
111011000110010110101010
111011000110010010000101
111011000110001101110000
111011000110001001101011
111011000110000101110101
111011000110000010010001
111011000101111110111110
111011000101111011111100
111011000101111001001101
111011000101110110110000
111011000101110100100111
111011000101110010110010
111011000101110001010001
111011000101110000000100
111011000101101111001101
111011000101101110101100
111011000101101110100001
111011000101101110101100
111011000101101111001111
111011000101110000001001
111011000101110001011011
111011000101110011000110
111011000101110101001010
111011000101110111100111
111011000101111010011110
111011000101111101101111
111011000110000001011100
111011000110000101100011
111011000110001010000111
111011000110001111000110
111011000110010100100010
111011000110011010011011
111011000110100000110010
111011000110100111100110
111011000110101110111000
111011000110110110101010
111011000110111110111010
111011000111000111101010
111011000111010000111001
111011000111011010101001
111011000111100100111010
111011000111101111101100
111011000111111010111111
111011001000000110110100
111011001000010011001100
111011001000100000000110
111011001000101101100011
111011001000111011100011
111011001001001010000111
111011001001011001001111
111011001001101000111100
111011001001111001001101
111011001010001010000100
111011001010011011100000
111011001010101101100001
111011001011000000001001
111011001011010011011000
111011001011100111001101
111011001011111011101001
111011001100010000101101
111011001100100110011000
111011001100111100101100
111011001101010011101000
111011001101101011001100
111011001110000011011010
111011001110011100010000
111011001110110101110000
111011001111001111111010
111011001111101010101110
111011010000000110001101
111011010000100010010101
111011010000111111001001
111011010001011100101000
111011010001111010110010
111011010010011001101000
111011010010111001001001
111011010011011001010111
111011010011111010010001
111011010100011011110111
111011010100111110001011
111011010101100001001011
111011010110000100111000
111011010110101001010010
111011010111001110011011
111011010111110100010001
111011011000011010110100
111011011001000010000110
111011011001101010000111
111011011010010010110101
111011011010111100010011
111011011011100110011111
111011011100010001011010
111011011100111101000100
111011011101101001011110
111011011110010110100111
111011011111000100011111
111011011111110011000111
111011100000100010011111
111011100001010010100111
111011100010000011011110
111011100010110101000110
111011100011100111011111
111011100100011010100111
111011100101001110100000
111011100110000011001010
111011100110111000100100
111011100111101110101111
111011101000100101101010
111011101001011101010110
111011101010010101110100
111011101011001111000010
111011101100001001000001
111011101101000011110001
111011101101111111010011
111011101110111011100101
111011101111111000101001
111011110000110110011110
111011110001110101000100
111011110010110100011011
111011110011110100100011
111011110100110101011101
111011110101110111001000
111011110110111001100100
111011110111111100110001
111011111001000000110000
111011111010000101100000
111011111011001011000000
111011111100010001010010
111011111101011000010101
111011111110100000001001
111011111111101000101110
111100000000110010000100
111100000001111100001011
111100000011000111000011
111100000100010010101011
111100000101011111000100
111100000110101100001101
111100000111111010000111
111100001001001000110010
111100001010011000001100
111100001011101000010111
111100001100111001010010
111100001110001010111101
111100001111011101011000
111100010000110000100010
111100010010000100011101
111100010011011001000110
111100010100101110011111
111100010110000100100111
111100010111011011011111
111100011000110011000101
111100011010001011011010
111100011011100100011101
111100011100111110001111
111100011110011000101111
111100011111110011111101
111100100001001111111001
111100100010101100100011
111100100100001001111010
111100100101100111111111
111100100111000110110001
111100101000100110001111
111100101010000110011011
111100101011100111010011
111100101101001000110111
111100101110101011000111
111100110000001110000011
111100110001110001101010
111100110011010101111101
111100110100111010111011
111100110110100000100100
111100111000000110110111
111100111001101101110101
111100111011010101011101
111100111100111101101110
111100111110100110101010
111101000000010000001110
111101000001111010011011
111101000011100101010010
111101000101010000110000
111101000110111100110111
111101001000101001100101
111101001010010110111011
111101001100000100111001
111101001101110011011101
111101001111100010101000
111101010001010010011001
111101010011000010110000
111101010100110011101101
111101010110100101001111
111101011000010111010110
111101011010001010000010
111101011011111101010010
111101011101110001000110
111101011111100101011110
111101100001011010011001
111101100011001111110111
111101100101000101110111
111101100110111100011010
111101101000110011011110
111101101010101011000100
111101101100100011001011
111101101110011011110011
111101110000010100111011
111101110010001110100011
111101110100001000101011
111101110110000011010010
111101110111111110011000
111101111001111001111100
111101111011110101111110
111101111101110010011110
111101111111101111011010
111110000001101100110100
111110000011101010101010
111110000101101000111100
111110000111100111101010
111110001001100110110010
111110001011100110010110
111110001101100110010011
111110001111100110101011
111110010001100111011100
111110010011101000100110
111110010101101010001000
111110010111101100000010
111110011001101110010101
111110011011110000111110
111110011101110011111110
111110011111110111010101
111110100001111011000001
111110100011111111000011
111110100110000011011010
111110101000001000000101
111110101010001101000101
111110101100010010011000
111110101110010111111110
111110110000011101110111
111110110010100100000010
111110110100101010011110
111110110110110001001100
111110111000111000001011
111110111010111111011010
111110111101000110111001
111110111111001110100111
111111000001010110100101
111111000011011110110000
111111000101100111001010
111111000111101111110000
111111001001111000100100
111111001100000001100101
111111001110001010110001
111111010000010100001001
111111010010011101101011
111111010100100111011000
111111010110110001010000
111111011000111011010000
111111011011000101011010
111111011101001111101100
111111011111011010000111
111111100001100100101001
111111100011101111010001
111111100101111010000001
111111101000000100110110
111111101010001111110001
111111101100011010110001
111111101110100101110101
111111110000110000111110
111111110010111100001010
111111110101000111011001
111111110111010010101011
111111111001011101111110
111111111011101001010011
111111111101110100101001
000000000000000000000000
000000000010001011010111
000000000100010110101101
000000000110100010000010
000000001000101101010101
000000001010111000100111
000000001101000011110110
000000001111001111000010
000000010001011010001011
000000010011100101001111
000000010101110000001111
000000010111111011001010
000000011010000101111111
000000011100010000101111
000000011110011011010111
000000100000100101111001
000000100010110000010100
000000100100111010100110
000000100111000100110000
000000101001001110110000
000000101011011000101000
000000101101100010010101
000000101111101011110111
000000110001110101001111
000000110011111110011011
000000110110000111011100
000000111000010000010000
000000111010011000110110
000000111100100001010000
000000111110101001011011
000001000000110001011001
000001000010111001000111
000001000101000000100110
000001000111000111110101
000001001001001110110100
000001001011010101100010
000001001101011011111110
000001001111100010001001
000001010001101000000010
000001010011101101101000
000001010101110010111011
000001010111110111111011
000001011001111100100110
000001011100000000111101
000001011110000100111111
000001100000001000101011
000001100010001100000010
000001100100001111000010
000001100110010001101011
000001101000010011111110
000001101010010101111000
000001101100010111011010
000001101110011000100100
000001110000011001010101
000001110010011001101101
000001110100011001101010
000001110110011001001110
000001111000011000010110
000001111010010111000100
000001111100010101010110
000001111110010011001100
000010000000010000100110
000010000010001101100010
000010000100001010000010
000010000110000110000100
000010001000000001101000
000010001001111100101110
000010001011110111010101
000010001101110001011101
000010001111101011000101
000010010001100100001101
000010010011011100110101
000010010101010100111100
000010010111001100100010
000010011001000011100110
000010011010111010001001
000010011100110000001001
000010011110100101100111
000010100000011010100010
000010100010001110111010
000010100100000010101110
000010100101110101111110
000010100111101000101010
000010101001011010110001
000010101011001100010011
000010101100111101010000
000010101110101101100111
000010110000011101011000
000010110010001100100011
000010110011111011000111
000010110101101001000101
000010110111010110011011
000010111001000011001001
000010111010101111010000
000010111100011010101110
000010111110000101100101
000010111111101111110010
000011000001011001010110
000011000011000010010010
000011000100101010100011
000011000110010010001011
000011000111111001001001
000011001001011111011100
000011001011000101000101
000011001100101010000011
000011001110001110010110
000011001111110001111101
000011010001010100111001
000011010010110111001001
000011010100011000101101
000011010101111001100101
000011010111011001110001
000011011000111001001111
000011011010011000000001
000011011011110110000110
000011011101010011011101
000011011110110000000111
000011100000001100000011
000011100001100111010001
000011100011000001110001
000011100100011011100011
000011100101110100100110
000011100111001100111011
000011101000100100100001
000011101001111011011001
000011101011010001100001
000011101100100110111010
000011101101111011100011
000011101111001111011110
000011110000100010101000
000011110001110101000011
000011110011000110101110
000011110100010111101001
000011110101100111110100
000011110110110111001110
000011111000000101111001
000011111001010011110011
000011111010100000111100
000011111011101101010101
000011111100111000111101
000011111110000011110101
000011111111001101111100
000100000000010111010010
000100000001011111110111
000100000010100111101011
000100000011101110101110
000100000100110101000000
000100000101111010100000
000100000110111111010000
000100001000000011001111
000100001001000110011100
000100001010001000111000
000100001011001010100011
000100001100001011011101
000100001101001011100101
000100001110001010111100
000100001111001001100010
000100010000000111010111
000100010001000100011011
000100010010000000101101
000100010010111100001111
000100010011110110111111
000100010100110000111110
000100010101101010001100
000100010110100010101010
000100010111011010010110
000100011000010001010001
000100011001000111011100
000100011001111100110110
000100011010110001100000
000100011011100101011001
000100011100011000100001
000100011101001010111010
000100011101111100100010
000100011110101101011001
000100011111011101100001
000100100000001100111001
000100100000111011100001
000100100001101001011001
000100100010010110100010
000100100011000010111100
000100100011101110100110
000100100100011001100001
000100100101000011101101
000100100101101101001011
000100100110010101111001
000100100110111101111010
000100100111100101001100
000100101000001011101111
000100101000110001100101
000100101001010110101110
000100101001111011001000
000100101010011110110101
000100101011000001110101
000100101011100100001001
000100101100000101101111
000100101100100110101001
000100101101000110110111
000100101101100110011000
000100101110000101001110
000100101110100011011000
000100101111000000110111
000100101111011101101011
000100101111111001110011
000100110000010101010010
000100110000110000000110
000100110001001010010000
000100110001100011110000
000100110001111100100110
000100110010010100110100
000100110010101100011000
000100110011000011010100
000100110011011001101000
000100110011101111010011
000100110100000100010111
000100110100011000110011
000100110100101100101000
000100110100111111110111
000100110101010010011111
000100110101100100100000
000100110101110101111100
000100110110000110110011
000100110110010111000100
000100110110100110110001
000100110110110101111001
000100110111000100011101
000100110111010010011101
000100110111011111111010
000100110111101100110100
000100110111111001001100
000100111000000101000001
000100111000010000010100
000100111000011011000110
000100111000100101010111
000100111000101111000111
000100111000111000010110
000100111001000001000110
000100111001001001010110
000100111001010001001000
000100111001011000011010
000100111001011111001110
000100111001100101100101
000100111001101011011110
000100111001110000111010
000100111001110101111001
000100111001111010011101
000100111001111110100100
000100111010000010010001
000100111010000101100010
000100111010001000011001
000100111010001010110110
000100111010001100111010
000100111010001110100101
000100111010001111110111
000100111010010000110001
000100111010010001010100
000100111010010001011111
000100111010010001010100
000100111010010000110011
000100111010001111111100
000100111010001110101111
000100111010001101001110
000100111010001011011001
000100111010001001010000
000100111010000110110011
000100111010000100000100
000100111010000001000010
000100111001111101101111
000100111001111010001011
000100111001110110010101
000100111001110010010000
000100111001101101111011
000100111001101001010110
000100111001100100100011
000100111001011111100001
000100111001011010010010
000100111001010100110110
000100111001001111001101
000100111001001001011000
000100111001000011011000
000100111000111101001100
000100111000110110110110
000100111000110000010110
000100111000101001101101
000100111000100010111010
000100111000011100000000
000100111000010100111101
000100111000001101110011
000100111000000110100011
000100110111111111001100
000100110111110111110000
000100110111110000001110
000100110111101000101001
000100110111100000111111
000100110111011001010001
000100110111010001100001
000100110111001001101111
000100110111000001111011
000100110110111010000101
000100110110110010001111
000100110110101010011001
000100110110100010100011
000100110110011010101111
000100110110010010111100
000100110110001011001011
000100110110000011011101
000100110101111011110010
000100110101110100001011
000100110101101100101001
000100110101100101001011
000100110101011101110100
000100110101010110100010
000100110101001111010111
000100110101001000010011
000100110101000001010111
000100110100111010100011
000100110100110011111001
000100110100101101010111
000100110100100111000000
000100110100100000110100
000100110100011010110011
000100110100010100111110
000100110100001111010101
000100110100001001111001
000100110100000100101010
000100110011111111101010
000100110011111010111000
000100110011110110010101
000100110011110010000010
000100110011101101111111
000100110011101010001110
000100110011100110101101
000100110011100011011111
000100110011100000100011
000100110011011101111010
000100110011011011100101
000100110011011001100100
000100110011010111111000
000100110011010110100001
000100110011010101100000
000100110011010100110110
000100110011010100100010
000100110011010100100110
000100110011010101000010
000100110011010101110111
000100110011010111000101
000100110011011000101100
000100110011011010101110
000100110011011101001010
000100110011100000000010
000100110011100011010110
000100110011100111000110
000100110011101011010011
000100110011101111111101
000100110011110101000101
000100110011111010101100
000100110100000000110001
000100110100000111010110
000100110100001110011100
000100110100010110000001
000100110100011110001000
000100110100100110110000
000100110100101111111011
000100110100111001101000
000100110101000011110111
000100110101001110101011
000100110101011010000010
000100110101100101111111
000100110101110010100000
000100110101111111100110
000100110110001101010011
000100110110011011100110
000100110110101010100000
000100110110111010000001
000100110111001010001011
000100110111011010111101
000100110111101100010111
000100110111111110011011
000100111000010001001000
000100111000100100100000
000100111000111000100011
000100111001001101010000
000100111001100010101001
000100111001111000101110
000100111010001111011111
000100111010100110111110
000100111010111111001001
000100111011011000000010
000100111011110001101001
000100111100001011111111
000100111100100111000100
000100111101000010111000
000100111101011111011011
000100111101111100101111
000100111110011010110100
000100111110111001101001
000100111111011001010000
000100111111111001101000
000101000000011010110010
000101000000111100101111
000101000001011111011110
000101000010000011000001
000101000010100111010111
000101000011001100100001
000101000011110010100000
000101000100011001010010
000101000101000000111010
000101000101101001010111
000101000110010010101010
000101000110111100110010
000101000111100111110001
000101001000010011100110
000101001001000000010010
000101001001101101110101
000101001010011100001111
000101001011001011100001
000101001011111011101100
000101001100101100101110
000101001101011110101001
000101001110010001011101
000101001111000101001010
000101001111111001110001
000101010000101111010001
000101010001100101101011
000101010010011100111111
000101010011010101001101
000101010100001110010110
000101010101001000011010
000101010110000011011001
000101010110111111010011
000101010111111100001001
000101011000111001111010
000101011001111000100111
000101011010111000010001
000101011011111000110110
000101011100111010011000
000101011101111100110111
000101011111000000010010
000101100000000100101011
000101100001001010000000
000101100010010000010011
000101100011010111100011
000101100100011111110001
000101100101101000111100
000101100110110011000101
000101100111111110001100
000101101001001010010010
000101101010010111010101
000101101011100101010111
000101101100110100010111
000101101110000100010101
000101101111010101010010
000101110000100111001110
000101110001111010001000
000101110011001110000001
000101110100100010111001
000101110101111000101111
000101110111001111100101
000101111000100111011001
000101111010000000001101
000101111011011001111111
000101111100110100110001
000101111110010000100001
000101111111101101010001
000110000001001010111111
000110000010101001101101
000110000100001001011001
000110000101101010000101
000110000111001011101111
000110001000101110011001
000110001010010010000001
000110001011110110101000
000110001101011100001110
000110001111000010110011
000110010000101010010111
000110010010010010111000
000110010011111100011001
000110010101100110111000
000110010111010010010101
000110011000111110110000
000110011010101100001010
000110011100011010100001
000110011110001001110111
000110011111111010001010
000110100001101011011011
000110100011011101101001
000110100101010000110101
000110100111000100111101
000110101000111010000011
000110101010110000000101
000110101100100111000101
000110101110011111000000
000110110000010111111000
000110110010010001101100
000110110100001100011100
000110110110001000001000
000110111000000100101111
000110111010000010010001
000110111100000000101111
000110111110000000000111
000111000000000000011001
000111000010000001100110
000111000100000011101101
000111000110000110101110
000111001000001010101000
000111001010001111011011
000111001100010101000111
000111001110011011101100
000111010000100011001001
000111010010101011011110
000111010100110100101011
000111010110111110101111
000111011001001001101010
000111011011010101011100
000111011101100010000101
000111011111101111100011
000111100001111101110111
000111100100001101000001
000111100110011100111111
000111101000101101110010
000111101010111111011001
000111101101010001110100
000111101111100101000011
000111110001111001000100
000111110100001101111000
000111110110100011011111
000111111000111001110111
000111111011010001000000
000111111101101000111011
001000000000000001100110
001000000010011011000001
001000000100110101001011
001000000111010000000101
001000001001101011101101
001000001100001000000100
001000001110100101001001
001000010001000010111010
001000010011100001011001
001000010110000000100011
001000011000100000011010
001000011011000000111100
001000011101100010001000
001000100000000011111111
001000100010100110100000
001000100101001001101001
001000100111101101011100
001000101010010001110110
001000101100110110111000
001000101111011100100001
001000110010000010110000
001000110100101001100110
001000110111010001000000
001000111001111000111111
001000111100100001100011
001000111111001010101010
001001000001110100010100
001001000100011110100000
001001000111001001001110
001001001001110100011101
001001001100100000001101
001001001111001100011100
001001010001111001001011
001001010100100110011000
001001010111010100000100
001001011010000010001100
001001011100110000110010
001001011111011111110011
001001100010001111010000
001001100100111111000111
001001100111101111011001
001001101010100000000100
001001101101010001000111
001001110000000010100011
001001110010110100010101
001001110101100110011111
001001111000011000111110
001001111011001011110011
001001111101111110111011
001010000000110010011000
001010000011100110001000
001010000110011010001010
001010001001001110011101
001010001100000011000010
001010001110110111110110
001010010001101100111010
001010010100100010001101
001010010111010111101101
001010011010001101011011
001010011101000011010101
001010011111111001011010
001010100010101111101010
001010100101100110000101
001010101000011100101000
001010101011010011010100
001010101110001010001000
001010110001000001000011
001010110011111000000100
001010110110101111001010
001010111001100110010100
001010111100011101100011
001010111111010100110100
001011000010001100000111
001011000101000011011100
001011000111111010110001
001011001010110010000110
001011001101101001011001
001011010000100000101011
001011010011010111111001
001011010110001111000100
001011011001000110001011
001011011011111101001100
001011011110110100000111
001011100001101010111011
001011100100100001100111
001011100111011000001010
001011101010001110100100
001011101101000100110011
001011101111111010110111
001011110010110000101111
001011110101100110011001
001011111000011011110110
001011111011010001000100
001011111110000110000010
001100000000111010110000
001100000011101111001101
001100000110100011010111
001100001001010111001110
001100001100001010110001
001100001110111101111111
001100010001110000110111
001100010100100011011001
001100010111010101100010
001100011010000111010100
001100011100111000101100
001100011111101001101010
001100100010011010001100
001100100101001010010011
001100100111111001111101
001100101010101001001000
001100101101010111110101
001100110000000110000011
001100110010110011110000
001100110101100000111011
001100111000001101100100
001100111010111001101010
001100111101100101001011
001101000000010000000111
001101000010111010011110
001101000101100100001101
001101001000001101010101
001101001010110101110100
001101001101011101101001
001101010000000100110100
001101010010101011010011
001101010101010001000110
001101010111110110001100
001101011010011010100100
001101011100111110001100
001101011111100001000101
001101100010000011001100
001101100100100100100010
001101100111000101000101
001101101001100100110100
001101101100000011101111
001101101110100001110100
001101110000111111000011
001101110011011011011011
001101110101110110111010
001101111000010001100001
001101111010101011001101
001101111101000011111111
001101111111011011110101
001110000001110010101110
001110000100001000101001
001110000110011101100110
001110001000110001100100
001110001011000100100001
001110001101010110011101
001110001111100111011000
001110010001110111001111
001110010100000110000010
001110010110010011110001
001110011000100000011010
001110011010101011111100
001110011100110110010111
001110011110111111101010
001110100001000111110100
001110100011001110110011
001110100101010100101000
001110100111011001010001
001110101001011100101110
001110101011011110111101
001110101101011111111101
001110101111011111101111
001110110001011110010000
001110110011011011100000
001110110101010111011111
001110110111010010001011
001110111001001011100011
001110111011000011100111
001110111100111010010110
001110111110101111101111
001111000000100011110001
001111000010010110011011
001111000100000111101101
001111000101110111100110
001111000111100110000100
001111001001010011001000
001111001010111110110000
001111001100101000111011
001111001110010001101000
001111001111111000111000
001111010001011110101001
001111010011000010111001
001111010100100101101001
001111010110000110111000
001111010111100110100101
001111011001000100101111
001111011010100001010101
001111011011111100010110
001111011101010101110011
001111011110101101101001
001111100000000011111000
001111100001011000100000
001111100010101011100000
001111100011111100110111
001111100101001100100100
001111100110011010100111
001111100111100110111110
001111101000110001101010
001111101001111010101000
001111101011000001111010
001111101100000111011101
001111101101001011010010
001111101110001101010111
001111101111001101101100
001111110000001100010000
001111110001001001000011
001111110010000100000100
001111110010111101010001
001111110011110100101011
001111110100101010010001
001111110101011110000010
001111110110001111111110
001111110111000000000011
001111110111101110010010
001111111000011010101001
001111111001000101001001
001111111001101101101111
001111111010010100011101
001111111010111001010000
001111111011011100001001
001111111011111101000111
001111111100011100001010
001111111100111001010000
001111111101010100011001
001111111101101101100101
001111111110000100110100
001111111110011010000011
001111111110101101010100
001111111110111110100101
001111111111001101110110
001111111111011011000110
001111111111100110010110
001111111111101111100011
001111111111110110101111
001111111111111011110111
001111111111111110111101
001111111111111111111111
001111111111111110111101
001111111111111011110110
001111111111110110101010
001111111111101111011001
001111111111100110000010
001111111111011010100100
001111111111001101000000
001111111110111101010100
001111111110101011100001
001111111110010111100101
001111111110000001100001
001111111101101001010100
001111111101001110111110
001111111100110010011110
001111111100010011110100
001111111011110011000000
001111111011010000000001
001111111010101010110111
001111111010000011100001
001111111001011001111111
001111111000101110010010
001111111000000000011000
001111110111010000010001
001111110110011101111101
001111110101101001011100
001111110100110010101101
001111110011111001110000
001111110010111110100101
001111110010000001001100
001111110001000001100100
001111101111111111101101
001111101110111011100111
001111101101110101010001
001111101100101100101100
001111101011100001110110
001111101010010100110001
001111101001000101011100
001111100111110011110110
001111100110011111111111
001111100101001001111000
001111100011110001011111
001111100010010110110110
001111100000111001111011
001111011111011010101111
001111011101111001010001
001111011100010101100010
001111011010101111100001
001111011001000111001110
001111010111011100101001
001111010101101111110010
001111010100000000101001
001111010010001111001110
001111010000011011100000
001111001110100101100000
001111001100101101001110
001111001010110010101010
001111001000110101110011
001111000110110110101010
001111000100110101001110
001111000010110001100000
001111000000101011011111
001110111110100011001101
001110111100011000100111
001110111010001011110000
001110110111111100100110
001110110101101011001010
001110110011010111011100
001110110001000001011011
001110101110101001001001
001110101100001110100101
001110101001110001101111
001110100111010010100111
001110100100110001001110
001110100010001101100011
001110011111100111100111
001110011100111111011010
001110011010010100111100
001110010111101000001101
001110010100111001001101
001110010010000111111101
001110001111010100011100
001110001100011110101100
001110001001100110101011
001110000110101100011011
001110000011101111111011
001110000000110001001100
001101111101110000001110
001101111010101101000001
001101110111100111100110
001101110100011111111101
001101110001010110000101
001101101110001010000000
001101101010111011101110
001101100111101011001110
001101100100011000100010
001101100001000011101010
001101011101101100100101
001101011010010011010100
001101010110110111111001
001101010011011010010010
001101001111111010100000
001101001100011000100100
001101001000110100011110
001101000101001110001111
001101000001100101110111
001100111101111011010101
001100111010001110101100
001100110110011111111010
001100110010101111000001
001100101110111100000010
001100101011000110111011
001100100111001111101111
001100100011010110011101
001100011111011011000101
001100011011011101101001
001100010111011110001001
001100010011011100100101
001100001111011000111110
001100001011010011010101
001100000111001011101001
001100000011000001111100
001011111110110110001101
001011111010101000011111
001011110110011000110000
001011110010000111000010
001011101101110011010101
001011101001011101101010
001011100101000110000001
001011100000101100011011
001011011100010000111001
001011010111110011011011
001011010011010100000010
001011001110110010101111
001011001010001111100001
001011000101101010011011
001011000001000011011011
001010111100011010100100
001010110111101111110110
001010110011000011010001
001010101110010100110110
001010101001100100100110
001010100100110010100001
001010011111111110101001
001010011011001000111110
001010010110010001100000
001010010001011000010001
001010001100011101010000
001010000111100000100000
001010000010100010000000
001001111101100001110010
001001111000011111110110
001001110011011100001100
001001101110010110110111
001001101001001111110110
001001100100000111001010
001001011110111100110100
001001011001110000110110
001001010100100011001110
001001001111010100000000
001001001010000011001011
001001000100110000110000
001000111111011100110000
001000111010000111001100
001000110100110000000100
001000101111010111011011
001000101001111101010000
001000100100100001100100
001000011111000100011000
001000011001100101101110
001000010100000101100101
001000001110100011111111
001000001001000000111110
001000000011011100100001
000111111101110110101001
000111111000001111011000
000111110010100110101111
000111101100111100101110
000111100111010001010111
000111100001100100101001
000111011011110110100111
000111010110000111010010
000111010000010110101001
000111001010100100101111
000111000100110001100011
000110111110111101001000
000110111001000111011110
000110110011010000100110
000110101101011000100001
000110100111011111010000
000110100001100100110100
000110011011101001001111
000110010101101100100000
000110001111101110101010
000110001001101111101100
000110000011101111101001
000101111101101110100001
000101110111101100010101
000101110001101001000111
000101101011100100110111
000101100101011111100110
000101011111011001010110
000101011001010010000111
000101010011001001111010
000101001101000000110010
000101000110110110101110
000101000000101011101111
000100111010011111111000
000100110100010011001000
000100101110000101100010
000100100111110111000101
000100100001100111110100
000100011011010111101111
000100010101000110111000
000100001110110101001111
000100001000100010110101
000100000010001111101100
000011111011111011110101
000011110101100111010001
000011101111010010000001
000011101000111100000110
000011100010100101100010
000011011100001110010101
000011010101110110100000
000011001111011110000101
000011001001000101000101
000011000010101011100001
000010111100010001011010
000010110101110110110001
000010101111011011100111
000010101000111111111110
000010100010100011110111
000010011100000111010011
000010010101101010010010
000010001111001100110111
000010001000101111000010
000010000010010000110100
000001111011110010001111
000001110101010011010100
000001101110110100000100
000001101000010100011111
000001100001110100101000
000001011011010100100000
000001010100110100000111
000001001110010011011110
000001000111110010101000
000001000001010001100101
000000111010110000010110
000000110100001110111100
000000101101101101011001
000000100111001011101110
000000100000101001111100
000000011010001000000100
000000010011100110000111
000000001101000100000111
000000000110100010000100
