000000000000000000000000
111100101100001110011110
111001100010110100000010
110110101101001101100100
110100010011001001100111
110010011001111111101101
110001000100010111010110
110000010010000000110001
110000000000000000000001
110000001001001000100100
110000100110100101111111
110001010000101100111111
110001111111101111000010
110010101100101011000100
110011010001110110000110
110011101011010111101000
110011110111010111100001
110011110101111100100111
110011101000111101001110
110011010011100100001111
110010111001101110101011
110010011111100110010101
110010001000111110001010
110001111000110100100100
110001110000111110111000
110001110001111111110110
110001111011001001100101
110010001010101001111010
110010011101111110111110
110010110010010000011110
110011000100101010011111
110011010010110101101101
110011011011001010011100
110011011100111011110111
110011011000011010101000
110011001110101110111110
110011000001101011011110
110010110011011010101111
110010100110001010110001
110010011011111000111110
110010010110000001011001
110010010101010011100101
110010011001101110000001
110010100010100000101100
110010101110010110000100
110010111011100000110100
110011001000001100010011
110011010010101101011011
110011011001110001010110
110011011100101000001101
110011011011001010011110
110011010101111000010110
110011001101110011101110
110011000100010101011110
110010111010111111111000
110010110011010000011001
110010101110010010011110
110010101100110101011100
110010101111000110101110
110010110100110001001011
110010111101000001001011
110011000110101101000111
110011010000100000100101
110011011001001000110011
110011011111100000011010
110011100010111001000000
110011100011000001000011
110011100000000101100001
110011011010101111001000
110011010011111011101011
110011001100110100100101
110011000110100011111101
110011000010001010000100
110011000000010100001101
110011000001010110111000
110011000101001011011010
110011001011010001101011
110011010010110101011000
110011011010110110000110
110011100010010000111000
110011101000001001111011
110011101011110101000010
110011101100111011100100
110011101011011111001101
110011100111111001000110
110011100010110101101100
110011011101001101111000
110011010111111110011111
110011010011111111011011
110011010001111011101110
110011010010001011101001
110011010100110001100010
110011011001011010000011
110011011111011111010110
110011100110001110111101
110011101100110001011010
110011110010010010001110
110011110110000111100101
110011110111111000000000
110011110111011101110100
110011110101000111011111
110011110001010101001101
110011101100110011110100
110011101000010110001000
110011100100101101011011
110011100010100010010111
110011100010001111010100
110011100011111100101101
110011100111100000010000
110011101100011110101101
110011110010010000001001
110011111000000101111101
110011111101010001110010
110100000001001100001000
110100000011011001111111
110100000011110000100110
110100000010010110101010
110011111111100011000101
110011111011111001010111
110011111000000100010011
110011110100101111100110
110011110010100001100011
110011110001110101100101
110011110010111000011100
110011110101100110100100
110011111001101100111010
110011111110101011111011
110100000011111100010011
110100001000110100110110
110100001100110000011110
110100001111010011011101
110100010000001111011011
110100001111100101001001
110100001101100100001110
110100001010101000101000
110100000111010110011100
110100000100010100011110
110100000010000110101000
110100000001001000110000
110100000001101010101000
110100000011101101111100
110100000111000110001010
110100001011011010101001
110100010000001010010001
110100010100110000011111
110100011000101010100101
110100011011011100101101
110100011100110101111010
110100011100110010010100
110100011011011011101010
110100011001000111100100
110100010110010100010101
110100010011100100011010
110100010001011001010010
110100010000001110101011
110100010000010110100101
110100010001110110110001
110100010100101000000101
110100011000010111101010
110100011100101001110101
110100100000111110001110
110100100100110100100010
110100100111110001010000
110100101001100001100011
110100101001111101111101
110100101001001011010011
110100100111011001110101
110100100101000010110010
110100100010100100100001
110100100000011110001000
110100011111001010110111
110100011110111110001101
110100100000000001001010
110100100010010001000010
110100100101011111111111
110100101001010111000111
110100101101011001111100
110100110001001010101001
110100110100001110010011
110100110110010000111001
110100110111001000000011
110100110110110100100001
110100110101100001111011
110100110011100100111010
110100110001011000000111
110100101111011000001001
110100101101111111100000
110100101101100010101000
110100101110001101000101
110100101111111111111001
110100110010110001100100
110100110110001111100011
110100111010000001000000
110100111101101010100001
110101000000110010001000
110101000011000011000011
110101000100010000101011
110101000100011000010100
110101000011100001100010
110101000001111100110110
110101000000000001011000
110100111110001001010010
110100111100101110000000
110100111100000100100001
110100111100011010011000
110100111101110011110000
110101000000001010111101
110101000011010001010110
110101000110110001100010
110101001010010010100100
110101001101011011100110
110101001111110111100010
110101010001011000000000
110101010001110111011110
110101010001011001111010
110101010000001100001000
110101001110100001110111
110101001100110010110110
110101001011010111010000
110101001010100100001111
110101001010101000110111
110101001011101011111011
110101001101101011000101
110101010000011011001111
110101010011101010010000
110101010111000001101011
110101011010001001111110
110101011100101110000011
110101011110011110010000
110101011111010010101000
110101011111001100000001
110101011110010011110110
110101011100111010101011
110101011011010101110000
110101011001111011110111
110101011001000010000000
110101011000111000010101
110101011001100111110100
110101011011010001000011
110101011101101100001101
110101100000101010001110
110101100011110111000101
110101100110111100110001
110101101001100110011111
110101101011100011101001
110101101100101010010101
110101101100111000101000
110101101100010100110111
110101101011001100100111
110101101001110010101001
110101101000011100001110
110101100111011101111000
110101100111001000100001
110101100111100110111001
110101101000111100001100
110101101011000011100000
110101101101110000101110
110101110000110010010000
110101110011110011101101
110101110110100000110011
110101111000101000011100
110101111001111111000101
110101111010100000011001
110101111010001111111001
110101111001011000010100
110101111000001010000001
110101110110111000100100
110101110101110111110110
110101110101011001001010
110101110101101000101110
110101110110101011111001
110101111000100000100001
110101111010111101001101
110101111101110010110001
110110000000101110100011
110110000011011101000100
110110000101101100111011
110110000111010001010011
110110001000000011110110
110110001000000101011111
110110000111011110010001
110110000110011100001101
110110000101010001000100
110110000100001111110110
110110000011101010000000
110110000011101100110110
110110000100011111101010
110110000110000010101101
110110001000001111001100
110110001010111000010100
110110001101101101001101
110110010000011011010110
110110010010110001010101
110110010100100001011100
110110010101100011011111
110110010101110110001000
110110010101011110111011
110110010100101001011110
110110010011100101110010
110110010010100101110001
110110010001111010110000
110110010001110010110111
110110010010010111000000
110110010011101001100111
110110010101100110010101
110110011000000010101010
110110011010101111100110
110110011101011011110000
110110011111110101111111
110110100001101111110111
110110100010111111110001
110110100011100010010010
110110100011011010100110
110110100010110010000100
110110100001110110110010
110110100000111001100000
110110100000001011001010
110110011111111010011001
110110100000010001011111
110110100001010100110100
110110100011000010010001
110110100101010001100110
110110100111110101101011
110110101010011110011010
110110101100111011001000
110110101110111100111110
110110110000011001001000
110110110001001010010101
110110110001010001101000
110110110000110110001010
110110110000000100000111
110110101111001010111010
110110101110011010111010
110110101110000011000100
110110101110001110101101
110110101111000011111010
110110110000100010101100
110110110010100100111100
110110110100111111011100
110110110111100011011110
110110111010000001000010
110110111100001001000111
110110111101101111111100
110110111110101110101011
110110111111000100010100
110110111110110101111100
110110111110001101110010
110110111101011001110111
110110111100101001110001
110110111100001100100001
110110111100001110010000
110110111100110110100100
110110111110000111010100
110110111111111100100001
110111000010001100110110
110111000100101011000011
110111000111000111111110
110111001001010100101001
110111001011000100100111
110111001100001111101001
110111001100110010111100
110111001100110001100011
110111001100010011110100
110111001011100110001110
110111001010110111011110
110111001010010110011010
110111001010001111110001
110111001010101100011000
110111001011101111110111
110111001101011000001011
110111001111011101111000
110111010001110101010010
110111010100010000001011
110111010110011111111010
110111011000010111100001
110111011001101101100111
110111011010011101110010
110111011010101001001010
110111011010010110001110
110111011001101111111000
110111011001000011110010
110111011000100000011010
110111011000010010111000
110111011000100101000010
110111011001011100000100
110111011010110111110000
110111011100110010100001
110111011111000010010010
110111100001011001111010
110111100011101011001110
110111100101101001000000
110111100111001000111100
110111101000000101001000
110111101000011100111100
110111101000010101000011
110111100111110110101101
110111100111001110011101
110111100110101010001101
110111100110010111001101
110111100110100000001010
110111100111001011100111
110111101000011011000100
110111101010001010101110
110111101100010010001000
110111101110100101011000
110111110000110110111010
110111110010111001011011
110111110100100001111100
110111110101101001010000
110111110110001101000101
110111110110010000010101
110111110101111010101001
110111110101010111010011
110111110100110011011111
110111110100011100011011
110111110100011101011100
110111110100111110010000
110111110110000001111100
110111110111100110011100
110111111001100100111011
110111111011110010110011
110111111110000011010000
111000000000001001001001
111000000001111000111101
111000000011001010011011
111000000011111001110000
111000000100001000001001
111000000011111011100111
111000000011011110000110
111000000010111011111101
111000000010100010001101
111000000010011100100010
111000000010110011101100
111000000011101100001100
111000000101000101100110
111000000110111010101110
111000001001000010010101
111000001011010000100001
111000001101011000011110
111000001111001110010110
111000010000101000111100
111000010001100011001001
111000010001111100100011
111000010001111001100011
111000010001100010101100
111000010001000011011000
111000010000101000001100
111000010000011101000110
111000010000101011101001
111000010001011001100110
111000010010101000000110
111000010100010011100100
111000010110010100001010
111000011000011110111111
111000011010100111101111
111000011100100010011010
111000011110000101000111
111000011111001001011111
111000011111101101101010
111000011111110100011011
111000011111100100111011
111000011111001001011101
111000011110101110000110
111000011110011110110100
111000011110100101110011
111000011111001001111100
111000100000001101110110
111000100001101111011101
111000100011101000011001
111000100101101110111010
111000100111110111010000
111000101001110101011111
111000101011011111001101
111000101100101101000000
111000101101011011100101
111000101101101100010000
111000101101100100101011
111000101101001110000000
111000101100110011100111
111000101100100001010111
111000101100100001111000
111000101100111101000001
111000101101110110101101
111000101111001110011010
111000110000111111001100
111000110011000000011110
111000110101000111010010
111000110111000111111010
111000111000110111100010
111000111010001101111010
111000111011000110011110
111000111011100001000010
111000111011100001110101
111000111011010000110010
111000111010111000011101
111000111010100100011011
111000111010011111100100
111000111010110010100100
111000111011100010100011
111000111100110000011001
111000111110011000100111
111001000000010011111001
111001000010011000001000
111001000100011001111101
111001000110001110011001
111001000111101100011110
111001001000101110011101
111001001001010010110100
111001001001011100010100
111001001001010001101000
111001001000111100010111
111001001000100111101011
111001001000011110100101
111001001000101010010110
111001001001010001001011
111001001010010101010101
111001001011110100101111
111001001101101001010101
111001001111101010000010
111001010001101011111101
111001010011100100000111
111001010101001000111011
111001010110010011101111
111001010111000001101011
111001010111010100000101
111001010111010000010110
111001010110111111000110
111001010110101010110110
111001010110011110100110
111001010110100100000101
111001010111000010011100
111001010111111101001011
111001011001010011100101
111001011011000000111101
111001011100111101001111
111001011110111110001100
111001100000111000111100
111001100010100011100100
111001100011110110100000
111001100100101101101011
111001100101001001000110
111001100101001100110110
111001100101000000011010
111001100100101101101001
111001100100011111010100
111001100100011111100000
111001100100110110001000
111001100101100111110011
111001100110110101001100
111001101000011010111001
111001101010010001111110
111001101100010000111100
111001101110001101001110
111001101111111100101001
111001110001010110111100
111001110010010110111100
111001110010111011011000
111001110011000110111110
111001110011000000000110
111001110010101111110010
111001110010100000011110
111001110010011100010110
111001110010101100000000
111001110011010101000110
111001110100011001100010
111001110101110111001110
111001110111101000011010
111001111001100100011110
111001111011100001001111
111001111101010100011100
111001111110110101010010
111001111111111101100111
111010000000101010111100
111010000000111110101010
111010000000111101111111
111010000000110001000010
111010000000100001101111
111010000000011010010101
111010000000100011111000
111010000001000100111011
111010000010000000100100
111010000011010110000001
111010000101000000101110
111010000110111001000001
111010001000110101001111
111010001010101011010000
111010001100010001110001
111010001101100001110110
111010001110010111110100
111010001110110011110111
111010001110111001111010
111010001110110001001001
111010001110100010111000
111010001110011001001011
111010001110011101011111
111010001110110111000110
111010001111101010001111
111010010000110111010110
111010010010011011000101
111010010100001110110011
111010010110001001100011
111010011000000001010101
111010011001101100101001
111010011011000011110011
111010011100000010000111
111010011100100110100001
111010011100110011101111
111010011100101111111001
111010011100100011100101
111010011100011000100111
111010011100011000100101
111010011100101011011101
111010011101010110011101
111010011110011011001101
111010011111110111100110
111010100001100110000100
111010100011011110011001
111010100101010110111110
111010100111000110001001
111010101000100011101011
111010101001101001111011
111010101010010110101001
111010101010101011010111
111010101010101101000110
111010101010100011100111
111010101010011000010101
111010101010010100111010
111010101010100001110011
111010101011000101000110
111010101100000001100110
111010101101010110010111
111010101110111110111101
111010110000110100000010
111010110010101100011100
111010110100011110100011
111010110110000001101011
111010110111001111010111
111010111000000100010001
111010111000100000101101
111010111000101000100100
111010111000100010101111
111010111000011000000110
111010111000010010001101
111010111000011001111010
111010111000110110000011
111010111001101010011110
111010111010110111011100
111010111100011001101010
111010111110001010101101
111011000000000010000001
111011000001110110000111
111011000011011110000001
111011000100110010100100
111011000101101111011010
111011000110010011101100
111011000110100010001010
111011000110100000101110
111011000110010111101000
111011000110010000001110
111011000110010011100100
111011000110101001001001
111011000111010101110010
111011001000011010111001
111011001001110110010100
111011001011100010101000
111011001101010111111100
111011001111001101000110
111011010000111000111100
111011010010010011101101
111011010011011000001010
111011010100000100010011
111011010100011001101111
111011010100011101010111
111011010100010110101011
111011010100001110101011
111011010100001110100001
111011010100011110001110
111011010101000011011101
111011010110000000101110
111011010111010101000010
111011011000111011111111
111011011010101110011111
111011011100100011110001
111011011110010010101011
111011011111110010111110
111011100000111110100110
111011100001110010100010
111011100010001111001101
111011100010011000011110
111011100010010100111111
111011100010001101010011
111011100010001010100010
111011100010010101000101
111011100010110011010111
111011100011101000111011
111011100100110101111001
111011100110010110111101
111011101000000101111000
111011101001111010011001
111011101011101011011110
111011101101010000100011
111011101110100010110111
111011101111011110011010
111011110000000010011111
111011110000010001111000
111011110000010010010110
111011110000001011110111
111011110000000111010111
111011110000001101100001
111011110000100101011001
111011110001010011011110
111011110010011000111111
111011110011110011101101
111011110101011110010101
111011110111010001001111
111011111001000011100101
111011111010101100101010
111011111100000101000101
111011111101000111111101
111011111101110011100010
111011111110001001011100
111011111110001110100010
111011111110001010000101
111011111110000100110000
111011111110000111010100
111011111110011001011000
111011111111000000010011
111011111111111110010100
111100000001010010010110
111100000010111000000011
111100000100101000100000
111100000110011011010001
111100001000000111100000
111100001001100101011011
111100001010101111010010
111100001011100010010011
111100001011111111000100
111100001100001001010111
111100001100000111101111
111100001100000010011100
111100001100000010010000
111100001100001111001011
111100001100101111010100
111100001101100101111011
111100001110110011000000
111100010000010011001110
111100010010000000011110
111100010011110010110000
111100010101100001010110
111100010111000100000011
111100011000010100011101
111100011001001110110100
111100011001110010100111
111100011010000010101010
111100011010000100100110
111100011010000000001101
111100011001111110000110
111100011010000110100101
111100011010100000011011
111100011011001111110011
111100011100010101110000
111100011101110000000000
111100011111011001010110
111100100001001010010100
111100100010111010011001
111100100100100001001010
111100100101110111100111
111100100110111001000110
111100100111100100000100
111100100111111010010000
111100101000000000011101
111100100111111101110001
111100100111111010100110
111100100111111111011010
111100101000010011011111
111100101000111011111000
111100101001111010101001
111100101011001110100100
111100101100110011010101
111100101110100010001100
111100110000010010111010
111100110001111100111110
111100110011011000110111
111100110100100001001011
111100110101010011010101
111100110101110000000001
111100110101111011000101
111100110101111010111001
111100110101110111100001
111100110101111001011011
111100110110001000010111
111100110110101010000111
111100110111100001101101
111100111000101110111111
111100111010001110101000
111100111011111010100111
111100111101101011000111
111100111111010111101011
111101000000111000011001
111101000010000111001001
111101000011000000011011
111101000011100011110111
111101000011110100010100
111101000011110111010111
111101000011110100100111
111101000011110100011100
111101000011111110111000
111101000100011010011010
111101000101001010111101
111101000110010001011010
111101000111101011011011
111101001001010011110100
111101001011000011010010
111101001100110001100001
111101001110010110011000
111101001111101011000111
111101010000101011010110
111101010001010101101100
111101010001101011111110
111101010001110010111101
111101010001110001101000
111101010001110000001101
111101010001110110110111
111101010010001100101010
111101010010110110010111
111101010011110101110111
111101010101001001110101
111101010110101101111111
111101011000011011101000
111101011010001010101110
111101011011110010111111
111101011101001101001011
111101011110010100001000
111101011111000101011100
111101011111100001111100
111101011111101101011110
111101011111101110010110
111101011111101100011110
111101011111110000000111
111101100000000000101111
111101100000100011111001
111101100001011100011011
111101100010101010000010
111101100100001001010110
111101100101110100011001
111101100111100011100001
111101101001001110011011
111101101010101101100000
111101101011111010110100
111101101100110011000101
111101101101010110000100
111101101101100110101101
111101101101101010100010
111101101101101001000010
111101101101101010011011
111101101101110110011111
111101101110010011011110
111101101111000101000110
111101110000001100000110
111101110001100110000100
111101110011001101110100
111101110100111100001010
111101110110101000111011
111101111000001100001110
111101111001011111100000
111101111010011110100110
111101111011001000010010
111101111011011110011111
111101111011100101111101
111101111011100101101001
111101111011100101100100
111101111011101101110000
111101111100000101000000
111101111100101111111001
111101111101110000001000
111101111111000100010100
111110000000101000000110
111110000010010100111000
111110000100000010101101
111110000101101001100001
111110000111000010010010
111110001000001000000000
111110001000111000011111
111110001001010100101010
111110001001100000011011
111110001001100010000011
111110001001100001010100
111110001001100110010101
111110001001111000010111
111110001010011100110001
111110001011010110001100
111110001100100100001111
111110001110000011011101
111110001111101101111001
111110010001011011111111
111110010011000101100110
111110010100100011010010
111110010101101111010110
111110010110100110101001
111110010111001001000111
111110010111011001101110
111110010111011110000010
111110010111011101011101
111110010111100000000011
111110010111101101011100
111110011000001011101100
111110011000111110010101
111110011010000101111101
111110011011100000000100
111110011101000111011101
111110011110110101000000
111110100000100000101010
111110100010000010101010
111110100011010100101100
111110100100010010101110
111110100100111011101110
111110100101010001101011
111110100101011001011000
111110100101011001101110
111110100101011010101011
111110100101100100000101
111110100101111100100100
111110100110101000100010
111110100111101001100011
111110101000111110000110
111110101010100001110001
111110101100001101111111
111110101101111010111010
111110101111100000100100
111110110000111000000111
111110110001111100101111
111110110010101100011001
111110110011001000000111
111110110011010011110111
111110110011010101111011
111110110011010110000000
111110110011011100000110
111110110011101111010011
111110110100010100110100
111110110101001111001000
111110110110011101101101
111110110111111101000011
111110111001100111001011
111110111011010100100100
111110111100111101001100
111110111110011001101111
111110111111100100101100
111111000000011011000011
111111000000111100111010
111111000001001101010010
111111000001010001110011
111111000001010001110100
111111000001010101010011
111111000001100011110010
111111000010000011001000
111111000010110110101110
111111000011111111000011
111111000101011001011111
111111000111000000110010
111111001000101101110110
111111001010011000101101
111111001011111001101100
111111001101001010101000
111111001110000111101100
111111001110101111111011
111111001111000101011101
111111001111001101001001
111111001111001101110111
111111001111001111100001
111111001111011001110111
111111001111110011011010
111111010000100000011000
111111010001100010001101
111111010010110111010000
111111010100011011000100
111111010110000111000001
111111010111110011010100
111111011001011000000111
111111011010101110101010
111111011011110010010001
111111011100100001000100
111111011100111100001101
111111011101000111101110
111111011101001001111011
111111011101001010100001
111111011101010001011001
111111011101100101100100
111111011110001100000101
111111011111000111010010
111111100000010110100001
111111100001110110001100
111111100011100000010010
111111100101001101010001
111111100110110101001100
111111101000010000110101
111111101001011010110011
111111101010010000010000
111111101010110001011000
111111101011000001010101
111111101011000101110010
111111101011000110000101
111111101011001010001100
111111101011011001100001
111111101011111001110100
111111101100101110010110
111111101101110111011100
111111101111010010011000
111111110000111001111000
111111110010100110110000
111111110100010001000101
111111110101110001010011
111111110111000001010100
111111110111111101011011
111111111000100100110110
111111111000111001110010
111111111001000001001100
111111111001000001111111
111111111001000100000100
111111111001001111000111
111111111001101001100010
111111111010010111011100
111111111011011010001000
111111111100101111110101
111111111110010100000001
000000000000000000000000
000000000001101011111111
000000000011010000001011
000000000100100101111000
000000000101101000100100
000000000110010110011110
000000000110110000111001
000000000110111011111100
000000000110111110000001
000000000110111110110100
000000000111000110001110
000000000111011011001010
000000001000000010100101
000000001000111110101100
000000001010001110101101
000000001011101110111011
000000001101011001010000
000000001111000110001000
000000010000101101101000
000000010010001000100100
000000010011010001101010
000000010100000110001100
000000010100100110011111
000000010100110101110100
000000010100111001111011
000000010100111010001110
000000010100111110101011
000000010101001110101000
000000010101101111110000
000000010110100101001101
000000010111101111001011
000000011001001010110100
000000011010110010101111
000000011100011111101110
000000011110001001110100
000000011111101001011111
000000100000111000101110
000000100001110011111011
000000100010011010011100
000000100010101110100111
000000100010110101011111
000000100010110110000101
000000100010111000010010
000000100011000011110011
000000100011011110111100
000000100100001101101111
000000100101010001010110
000000100110100111111001
000000101000001100101100
000000101001111000111111
000000101011100100111100
000000101101001000110000
000000101110011101110011
000000101111011111101000
000000110000001100100110
000000110000100110001001
000000110000110000011111
000000110000110010001001
000000110000110010110111
000000110000111010100011
000000110001010000000101
000000110001111000010100
000000110010110101011000
000000110100000110010100
000000110101100111010011
000000110111010010001010
000000111000111111001110
000000111010100110100001
000000111100000000111101
000000111101001001010010
000000111101111100111000
000000111110011100001110
000000111110101010101101
000000111110101110001100
000000111110101110001101
000000111110110010101110
000000111111000011000110
000000111111100100111101
000001000000011011010100
000001000001100110010001
000001000011000010110100
000001000100101011011100
000001000110011000110101
000001001000000010111101
000001001001100010010011
000001001010110000111000
000001001011101011001100
000001001100010000101101
000001001100100011111010
000001001100101010000000
000001001100101010000101
000001001100101100001001
000001001100110111111001
000001001101010011100111
000001001110000011010001
000001001111000111111001
000001010000011111011100
000001010010000101000110
000001010011110010000001
000001010101011110001111
000001010111000001111010
000001011000010110011101
000001011001010111011110
000001011010000011011100
000001011010011011111011
000001011010100101010101
000001011010100110010010
000001011010100110101000
000001011010101110010101
000001011011000100010010
000001011011101101010010
000001011100101011010100
000001011101111101010110
000001011111011111010110
000001100001001011000000
000001100010111000100011
000001100100011111111100
000001100101111010000011
000001100111000001101011
000001100111110100010100
000001101000010010100100
000001101000011111111101
000001101000100010100011
000001101000100001111110
000001101000100110010010
000001101000110110111001
000001101001011001010111
000001101010010000101010
000001101011011100101110
000001101100111010011010
000001101110100100000001
000001110000010010000111
000001110001111100100011
000001110011011011110001
000001110100101001110100
000001110101100011001111
000001110110000111101001
000001110110011001101011
000001110110011110101100
000001110110011101111101
000001110110011111100101
000001110110101011010110
000001110111000111100001
000001110111111000000000
000001111000111101101110
000001111010010110011111
000001111011111101010011
000001111101101011001000
000001111111010111111010
000010000000111011101100
000010000010001111111000
000010000011010000000111
000010000011111011000000
000010000100010010010000
000010000100011010011100
000010000100011010010111
000010000100011010000011
000010000100100001100001
000010000100110111101110
000010000101100001011010
000010000110100000100000
000010000111110011110010
000010001001010111000101
000010001011000011110110
000010001100110010001100
000010001110011001111100
000010001111110011111010
000010010000111010111010
000010010001101100100010
000010010010001001100001
000010010010010101100101
000010010010010110111110
000010010010010101011110
000010010010011001010011
000010010010101001111100
000010010011001100111011
000010010100000101001100
000010010101010010100000
000010010110110001100101
000010011000011100011111
000010011010001011100111
000010011011110110101010
000010011101010101111110
000010011110100011100101
000010011111011100000111
000010011111111111010001
000010100000001111111001
000010100000010011100010
000010100000010001101010
000010100000010010100010
000010100000011110000100
000010100000111010100100
000010100001101011111000
000010100010110010110101
000010100100001101000001
000010100101110101010010
000010100111100100011000
000010101001010010000001
000010101010110110001011
000010101100001010001001
000010101101001001101001
000010101101110011010110
000010101110001001001001
000010101110001111110011
000010101110001110011000
000010101110001101000011
000010101110010100000010
000010101110101010010100
000010101111010100101010
000010110000010100111001
000010110001101001101000
000010110011001110011111
000010110100111100101110
000010110110101100001100
000010111000010100100101
000010111001101110100110
000010111010110101000011
000010111011100101100110
000010111100000001001000
000010111100001011100100
000010111100001011011001
000010111100001000101001
000010111100001011101100
000010111100011100001001
000010111100111111100101
000010111101111000110111
000010111111000111100111
000011000000101000010101
000011000010010100111001
000011000100000101011001
000011000101110001011000
000011000111010001000001
000011001000011110010011
000011001001010101111001
000011001001110111101001
000011001010000110100101
000011001010001000011111
000011001010000101000111
000011001010000100111011
000011001010001111111111
000011001010101100101011
000011001011011110110101
000011001100100111001001
000011001110000011000010
000011001111101101000110
000011010001011101110100
000011010011001100101011
000011010100110001011100
000011010110000101010111
000011010111000100001000
000011010111101100100001
000011011000000000100110
000011011000000101011010
000011011000000010001111
000011010111111111100011
000011011000000101110000
000011011000011011111100
000011011001000110111010
000011011010001000011001
000011011011011110110110
000011011101000101100111
000011011110110101101100
000011100000100110101010
000011100010010000000000
000011100011101010010000
000011100100110000001101
000011100101011111100101
000011100101111001011011
000011100110000001111010
000011100101111111110011
000011100101111011011010
000011100101111101010110
000011100110001101011001
000011100110110001001100
000011100111101011100011
000011101000111011111101
000011101010011110101010
000011101100001101010000
000011101101111111100010
000011101111101100110010
000011110001001101000000
000011110010011010000101
000011110011010000101100
000011110011110000110101
000011110011111101110000
000011110011111101100100
000011110011111000010001
000011110011110110101001
000011110100000000111100
000011110100011101101101
000011110101010000101110
000011110110011010100101
000011110111111000100000
000011111001100100101111
000011111011010111100000
000011111101000111111101
000011111110101101101010
000100000000000001101100
000100000000111111101101
000100000001100110101000
000100000001111000101100
000100000001111011010000
000100000001110101111011
000100000001110001011110
000100000001110110100100
000100000010001100011110
000100000010111000000011
000100000011111010111011
000100000101010011010110
000100000110111100011011
000100001000101110110001
000100001010100001101011
000100001100001100010011
000100001101100111000001
000100001110101100100010
000100001111011010100111
000100001111110010011111
000100001111111000101001
000100001111110100001001
000100001111101101101010
000100001111101110001000
000100001111111101100001
000100010000100001100110
000100010001011101001001
000100010010101111011101
000100010100010100100010
000100010110000101100111
000100010111111010001000
000100011001101001000011
000100011011001010000111
000100011100010111000101
000100011101001100101001
000100011101101010111011
000100011101110101011110
000100011101110010101101
000100011101101011000001
000100011101100111100010
000100011101110000110011
000100011110001101011110
000100011111000001011010
000100100000001101000010
000100100001101101010101
000100100011011100001111
000100100101010001100001
000100100111000100000001
000100101000101010111110
000100101001111111010010
000100101010111100100011
000100101011100001110010
000100101011110001011111
000100101011110001010101
000100101011101001010101
000100101011100010101001
000100101011100110010001
000100101011111011101101
000100101100100111110110
000100101101101100010011
000100101111000111000100
000100110000110010111010
000100110010101000000100
000100110100011101011000
000100110110001001101100
000100110111100101000111
000100111000101010001110
000100111001010110110111
000100111001101100011100
000100111001101111110010
000100111001101000011000
000100111001011111010010
000100111001011101110110
000100111001101100010100
000100111010010000100110
000100111011001101011100
000100111100100001111111
000100111110001001111001
000100111111111101111111
000101000001110101010011
000101000011100110010110
000101000101001000100100
000101000110010101100010
000101000111001001111101
000101000111100110000110
000101000111101101110011
000101000111100111111010
000101000111011101010001
000101000111010111011100
000101000111011111010011
000101000111111011101111
000101001000110000101001
000101001001111110010101
000101001011100001011101
000101001101010011100100
000101001111001011111110
000101010001000001000011
000101010010101001101001
000101010011111110011010
000101010100111010111010
000101010101011110001101
000101010101101011000110
000101010101100111101011
000101010101011100011001
000101010101010010111010
000101010101010100101001
000101010101101001010111
000101010110010110000101
000101010111011100010101
000101011000111001110111
000101011010101001000010
000101011100100001100111
000101011110011001111100
000101100000001000011010
000101100001100100110011
000101100010101001100011
000101100011010100100011
000101100011100111011011
000101100011100111011001
000101100011011100011011
000101100011010000000111
000101100011001100010001
000101100011011001011111
000101100011111101111001
000101100100111100001101
000101100110010011010111
000101100111111110101011
000101101001110110011101
000101101011110001001101
000101101101100100111011
000101101111001000101010
000101110000010101110001
000101110001001000111010
000101110001100010100001
000101110001100110110101
000101110001011101001000
000101110001001110110111
000101110001000110000110
000101110001001100001001
000101110001101000001100
000101110010011110001010
000101110011101110001111
000101110101010100110000
000101110111001010110001
000101111001000110111111
000101111010111111010010
000101111100101001111111
000101111101111111011100
000101111110111011000101
000101111111011100001000
000101111111100101101011
000101111111011110010001
000101111111001110111110
000101111111000010000001
000101111111000001010110
000101111111010101000100
000110000000000010011001
000110000001001010101110
000110000010101011100100
000110000100011110110001
000110000110011011100010
000110001000010111100110
000110001010001000110010
000110001011100110011110
000110001100101010111010
000110001101010100000000
000110001101100011101010
000110001101011111100010
000110001101010000001110
000110001100111111111010
000110001100111001000010
000110001101000100101000
000110001101101001000100
000110001110101001000100
000110010000000011010111
000110010001110010110010
000110010011101111000100
000110010101101110000010
000110010111100101000111
000110011001001010110100
000110011010011000001101
000110011011001001111000
000110011011100000100000
000110011011100000101100
000110011011010010010111
000110011010111111100110
000110011010110011001010
000110011010110110111010
000110011011010010010101
000110011100001001100000
000110011101011100011100
000110011111000111000100
000110100001000001110100
000110100011000010110001
000110100100111111000011
000110100110101100011011
000110101000000010110101
000110101000111101100100
000110101001011011111011
000110101001100001011010
000110101001010101001010
000110101001000000111010
000110101000101111101010
000110101000101011111011
000110101000111110010101
000110101001101100010001
000110101010110111000101
000110101100011011111001
000110101110010100000011
000110110000010101111110
000110110010010110101011
000110110100001011010001
000110110101101010101011
000110110110101110110101
000110110111010101101010
000110110111100001011011
000110110111011000010101
000110110111000011101001
000110110110101110011000
000110110110100011101100
000110110110101101001100
000110110111010001100011
000110111000010011100010
000110111001110001100111
000110111011100110000011
000110111101100111111000
000110111111101100000111
000111000001100111011001
000111000011001111100111
000111000100011101011101
000111000101001101011100
000111000101100000011100
000111000101011011100101
000111000101000111100011
000111000100101111001110
000111000100011110001011
000111000100011110111110
000111000100111001100010
000111000101110010000110
000111000111001000011110
000111001000111000000110
000111001010111000101110
000111001100111111100010
000111001111000000110100
000111010000110001100110
000111010010001001010011
000111010011000010111111
000111010011011110001000
000111010011011110101001
000111010011001100011001
000111010010110010000000
000111010010011011010101
000111010010010011110000
000111010010100100011011
000111010011010011000000
000111010100100000110011
000111010110001010100001
000111011000001000110000
000111011010010001000110
000111011100010111100111
000111011110010000100011
000111011111110010001010
000111100000110110000100
000111100001011010001101
000111100001100001001100
000111100001010001111010
000111100000110110100011
000111100000011011000101
000111100000001011100101
000111100000010010010110
000111100000110110100001
000111100001111010111001
000111100011011101100110
000111100101011000010001
000111100111100001000001
000111101001101011110110
000111101011101100011100
000111101101010111111010
000111101110100110011010
000111101111010100010111
000111101111100010111010
000111101111010111110100
000111101110111100101000
000111101110011101010100
000111101110000110011101
000111101110000011011101
000111101110011100110111
000111101111010111000100
000111110000110001101010
000111110010100111100010
000111110100101111011111
000111110110111101101011
000111111001000101010010
000111111010111010011010
000111111100010011110100
000111111101001100010100
000111111101100011011110
000111111101011101110011
000111111101000100000011
000111111100100001111010
000111111100000100011001
000111111011110111110111
000111111100000110010000
000111111100110101100101
000111111110000111000011
000111111111110110110111
001000000001111100110000
001000000100001101001101
001000000110011011000101
001000001000011001100100
001000001001111110000100
001000001011000001110000
001000001011100010100100
001000001011100011100101
001000001011001100100001
001000001010101000101101
001000001010000101010111
001000001001101111101011
001000001001110010111011
001000001010010110110000
001000001011011110000100
001000001101000110100101
001000001111001001000110
001000010001011010101000
001000010011101101111000
001000010101110101010010
001000010111100100111100
001000011000110100011001
001000011001011111110110
001000011001101000110011
001000011001010101110011
001000011000110001100011
001000011000001001010011
001000010111101010111101
001000010111100011000100
001000010111111010111000
001000011000110111000100
001000011010010111000000
001000011100010100110010
001000011110100110000110
001000100000111101101110
001000100011001101011111
001000100101001000010000
001000100110100011111100
001000100111011010111110
001000100111101101001000
001000100111011111100110
001000100110111100001110
001000100110010000001000
001000100101101001110010
001000100101010110110110
001000100101100010001110
001000100110010010011001
001000100111101000011111
001000101001100000000110
001000101011101111110101
001000101110001010101110
001000110000100010001000
001000110010100111110101
001000110100010000001001
001000110101010011101000
001000110101110000001111
001000110101101001100110
001000110101001000100010
001000110100011001110010
001000110011101100001100
001000110011001110011101
001000110011001101000100
001000110011110000010111
001000110100111011011001
001000110110101011010111
001000111000111000000010
001000111011010100111101
001000111101110011001010
001001000000000011011111
001001000001111000101100
001001000011001001011100
001001000011110001110000
001001000011110011011111
001001000011010110001111
001001000010100110001001
001001000001110010001110
001001000001001010000100
001001000000111011101100
001001000001010001010101
001001000010010000000100
001001000011110110111001
001001000101111110111110
001001001000011100100010
001001001011000000100100
001001001101011011000100
001001001111011101010100
001001010000111100000110
001001010001110001010011
001001010001111100111100
001001010001100101000110
001001010000110101000110
001001001111111011111001
001001001111001001110110
001001001110101110011000
001001001110110101101011
001001001111100110111000
001001010001000011000010
001001010011000100111000
001001010101100001100110
001001011000001010010101
001001011010101110011010
001001011100111101101111
001001011110101011001100
001001011111101110100001
001001100000000101100111
001001011111110100110110
001001011111000110100000
001001011110001001001110
001001011101001101111100
001001011100100101011010
001001011100011101101110
001001011101000000001111
001001011110010000001001
001001100000001010000001
001001100010100100010000
001001100101010000011010
001001100111111101010110
001001101010011001101011
001001101100010110011001
001001101101101001000000
001001101110001101001001
001001101110000101010000
001001101101011010001111
001001101100011010001110
001001101011010110100010
001001101010100001000101
001001101010001001111000
001001101010011100100001
001001101011011110100100
001001101101001110101011
001001101111100100101010
001001110010010010110011
001001110101000111101100
001001110111110000110100
001001111001111101010011
001001111011100000010110
001001111100010011001010
001001111100010110000000
001001111011110000001010
001001111010101110111100
001001111001100011110011
001001111000100001101111
001001110111111010100001
001001110111111100001010
001001111000101110101101
001001111010010011000101
001001111100100010111100
001001111111010001011101
001010000010001101001111
001010000101000010110011
001010000111011111011111
001010001001010100000111
001010001010010111010010
001010001010100110110110
001010001010001000001010
001010001001000111011100
001010000111110101111111
001010000110100111101100
001010000101110000000111
001010000101011111100111
001010000110000000111011
001010000111010111100100
001010001001011111001101
001010001100001100010011
001010001111001101110000
001010010010001111010010
001010010100111100100000
001010010111000011110100
001010011000011001000111
001010011000110111011111
001010011000100010001000
001010010111100011110010
001010010110001101010111
001010010100110011011001
001010010011101011001001
001010010011000111011000
001010010011010101101011
001010010100011100010111
001010010110011001100001
001010011001000011001111
001010011100001000111011
001010011111010101110010
001010100010010011110011
001010100100101110111101
001010100110011000001100
001010100111000111101011
001010100110111110000000
001010100110000100001001
001010100100101010010000
001010100011000101010101
001010100001101100001010
001010100000110011111111
001010100000101101011000
001010100001100001110000
001010100011010001111101
001010100101110110000010
001010101000111110010101
001010101100010101110000
001010101111100100110001
001010110010010100111011
001010110100010100000101
001010110101010111001001
001010110101011011110001
001010110100101000110000
001010110011001101001010
001010110001011110001001
001010101111110011111000
001010101110100110000110
001010101110001000100010
001010101110101000000000
001010110000001000011110
001010110010100100011010
001010110101101101011100
001010111001001110011110
001010111100101110101010
001010111111110101000011
001011000010001100010000
001011000011100101101000
001011000011111011011111
001011000011010010000000
001011000001110110101110
001010111111111110101000
001010111110000011001010
001010111100011110011110
001010111011100111101100
001010111011101111010101
001010111100111100111101
001010111111001101111000
001011000010010101011111
001011000101111111000000
001011001001110000011101
001011001101001110011100
001011010000000000000111
001011010001110010111011
001011010010011101011000
001011010010000000100000
001011010000100111110111
001011001110100111111001
001011001100011011000110
001011001010011110000101
001011001001001011011111
001011001000110111111101
001011001001101111000111
001011001011110001101101
001011001110110101010111
001011010010100110000100
001011010110101000111001
001011011010100000000001
001011011101101110111110
001011011111111110110110
001011100001000001110011
001011100000110101001001
001011011111100001111000
001011011101011011011111
001011011010111101001110
001011011000100110001011
001011010110110100101101
001011010110000010000011
001011010110011110011101
001011011000001110110000
001011011011001011011110
001011011111000001110010
001011100011010110001011
001011100111101000010110
001011101011010111111011
001011101110001001001111
001011101111101001011011
001011101111110001010101
001011101110100110101110
001011101100011011100110
001011101001101011101011
001011100110111000011100
001011100100100100010110
001011100011001101101100
001011100011001010000110
001011100100100011010011
001011100111010101011011
001011101011001111100001
001011101111110101101111
001011110100100101010111
001011111000111001110110
001011111100010010000100
001011111110010101011000
001011111110110111010000
001011111101111001011000
001011111011101011100010
001011111000101001100100
001011110101010111011000
001011110010011011110010
001011110000011010110111
001011101111110000100101
001011110000101100100011
001011110011001111100010
001011110111001011001010
001011111100000011101101
001100000001010100000101
001100000110010011000110
001100001010011001011100
001100001101000111100100
001100001110001010011011
001100001101011110011101
001100001011010000011010
001100000111111011101101
001100000100000110101001
001100000000011100111011
001011111101101001010110
001011111100001111011010
001011111100100110000001
001011111110110011111000
001100000010101110001110
001100000111111010000011
001100001101101111110111
001100010011100001010011
001100011000011111110000
001100011100000011010011
001100011101110000101100
001100011101011101101001
001100011011010010100101
001100010111101001111000
001100010011001100001100
001100001110101010110011
001100001010111000100001
001100001000100010001100
001100001000001000000000
001100001001111000011011
001100001101101101110010
001100010011001110100110
001100011001110001000011
001100100000100000101010
001100100110100101111101
001100101011001110011110
001100101101110100010111
001100101110000100010010
001100101100000000100101
001100101000000001100001
001100100010110010001000
001100011101001010010100
001100011000000110111010
001100010100100000110011
001100010011000100011100
001100010100001010111110
001100010111110110000101
001100011101101111001000
001100100101001001111010
001100101101001010101000
001100110100101110010101
001100111010110100100110
001100111110101001001000
001100111111101011110011
001100111101110101111100
001100111001011100000011
001100110011001011011011
001100101100000100010101
001100100101010000111000
001100011111111010011111
001100011100111110111101
001100011101000111000000
001100100000011111100110
001100100110110111001101
001100101111011111011011
001100111001010010111001
001101000010111110110101
001101001011001110110101
001101010000111001010010
001101010011001010100100
001101010001101101100010
001101001100101111100111
001101000101000000001000
001100111011101010100010
001100110010001100010010
001100101010000111101010
001100100100110101100010
001100100011010111110011
001100100110001110101010
001100101101010010100101
001100110111110011101101
001101000100011111001100
001101010001101001111100
001101011101011111010100
001101100110010001111111
001101101010101100011011
001101101001111110100111
001101100100000111000010
001101011001110101001111
001101001100100101010001
001100111110010100100010
001100110001010001000010
001100100111100101011000
001100100011000100001001
001100100100110101100100
001100101101001010010011
001100111011010101100001
001101001101101111100010
001101100010000001000010
001101110101010110000110
001110000100110110011011
001110001110000000001010
001110001111000001001000
001110000111001011011100
001101110111000001110110
001101100000011001101011
001101000110010001010101
001100101100011011110001
001100010111000010110010
001100001010000011011001
001100001000101000011111
001100010100101000011000
001100101110001001111010
001101010011010100111100
001110000000010000111110
001110101111010011000001
001111011001011010000001
001111110110110111011100
001111111111111111111111
001111101101111111001111
001110111011101000101010
001101100110000000010011
001011101100110110011001
001001010010110010011100
000110011101001011111110
000011010011110001100010
