000000000000000000000000
110100010101111001111011
110000000000000000000001
110001111010110011000110
110011110000101110010000
110010110010101100100110
110001100110011101010011
110010001110101111010100
110011001010001110111110
110010110000010110101110
110010000001010101100000
110010010100111000111011
110010111110011011110100
110010110010001001000110
110010001111011111100110
110010011001011000111010
110010111001101111011000
110010110100101100100100
110010011001010000101010
110010011101100000001010
110010110111111101100001
110010110111011100111001
110010100000111111000000
110010100001100000111010
110010110111101011001111
110010111010010000000110
110010100111100100111110
110010100101100000111010
110010111000010001011000
110010111101000010110010
110010101101011101110100
110010101001100010001110
110010111001011100011101
110010111111110011101011
110010110010110111110011
110010101101100101100101
110010111011000001101111
110011000010100010011001
110010110111111011001001
110010110001101011001001
110010111100111010111010
110011000101001110111110
110010111100101100110101
110010110101110010101111
110010111111000011111100
110011000111111001101000
110011000001010000000110
110010111001111100000101
110011000001011010001110
110011001010100010110000
110011000101100111000101
110010111110000110110000
110011000011111011111100
110011001101001010110001
110011001001110011010111
110011000010010010010100
110011000110100111110001
110011001111110010001000
110011001101110110000011
110011000110011110010000
110011001001011100101100
110011010010011001010111
110011010001110000000100
110011001010101010000110
110011001100011001111010
110011010101000000111101
110011010101100010001010
110011001110110101010100
110011001111011110101111
110011010111101001011001
110011011001001100111100
110011010010111111011101
110011010010101010100011
110011011010010011001100
110011011100110001000010
110011010111001000000000
110011010101111100110001
110011011100111110110001
110011100000001111000000
110011011011001110100010
110011011001010100110110
110011011111101100100101
110011100011100111011000
110011011111010010101001
110011011100110010010000
110011100010011101000001
110011100110111010101100
110011100011010011111100
110011100000010100011100
110011100101010000011100
110011101010001001100001
110011100111010010000110
110011100011111010110110
110011101000000111001001
110011101101010100011000
110011101011001100110101
110011100111100100111100
110011101011000001011001
110011110000011011110110
110011101111000011111011
110011101011010010001001
110011101101111111011000
110011110011100000011101
110011110010110111001011
110011101111000001111100
110011110001000001010001
110011110110100010110001
110011110110100110011111
110011110010110011110001
110011110100000111001001
110011111001100011010100
110011111010010001110010
110011110110100111000101
110011110111010001000011
110011111100100010101001
110011111101111001000011
110011111010011011010110
110011111010011110111110
110011111111100001010001
110100000001011100010101
110011111110010000000100
110011111101110000110101
110100000010011111101100
110100000100111011101110
110100000010000100101111
110100000001000110100001
110100000101011110011001
110100001000010111011000
110100000101111000111011
110100000100011111110110
110100001000011101110011
110100001011101111011110
110100001001101100001011
110100000111111100100111
110100001011011110010110
110100001111000100010001
110100001101011110000111
110100001011011100100100
110100001110100000011001
110100010010010110000001
110100010001001110011001
110100001110111111011001
110100010001100100010000
110100010101100101000011
110100010100111100101011
110100010010100100110011
110100010100101010001110
110100011000110001101011
110100011000101000101111
110100010110001100011011
110100010111110010100011
110100011011111100010000
110100011100010010010110
110100011001110101111010
110100011010111101011010
110100011111000101001011
110100011111111001010111
110100011101100000110110
110100011110001010111100
110100100010001100110100
110100100011011101101001
110100100001001100111001
110100100001011011001111
110100100101010011100011
110100100110111111001001
110100100100111001101001
110100100100101110010100
110100101000011001110010
110100101010011101110110
110100101000100110101101
110100101000000100001011
110100101011011111111000
110100101101111001110010
110100101100010011101111
110100101011011100110001
110100101110100110001100
110100110001010011000011
110100110000000000010111
110100101110110111111111
110100110001101101000101
110100110100101001110001
110100110011101100010000
110100110010010101101011
110100110100110100110110
110100110111111110000101
110100110111010111000111
110100110101110101101010
110100110111111101110011
110100111011010000001101
110100111011000000101010
110100111001010111101111
110100111011001000001100
110100111110100000010111
110100111110101000101001
110100111100111011101010
110100111110010100001111
110101000001101110110011
110101000010001110111000
110101000000100001001010
110101000001100010001001
110101000100111011110011
110101000101110011001011
110101000100000111111100
110101000100110010000010
110101001000000111101010
110101001001010101011011
110101000111101111101111
110101001000000100000001
110101001011010010101010
110101001100110101100011
110101001011011000001111
110101001011011000001011
110101001110011101000111
110101010000010011011111
110101001111000001001000
110101001110101110100001
110101010001100111010101
110101010011101111001111
110101010010101010000110
110101010010000111000010
110101010100110001100110
110101010111001000110101
110101010110010010111000
110101010101100001101010
110101010111111100001101
110101011010100000010111
110101011001111011001100
110101011000111110010100
110101011011000111011011
110101011101110101111011
110101011101100010110000
110101011100011100110111
110101011110010011100000
110101100001001001101011
110101100001001001010101
110101011111111101001010
110101100001100000101011
110101100100011011110000
110101100100101110101110
110101100011011111000000
110101100100101111001000
110101100111101100011001
110101101000010010101111
110101100111000010001101
110101100111111111000011
110101101010111011110001
110101101011110101001110
110101101010100110100011
110101101011010000100100
110101101110001010001001
110101101111010110000011
110101101110001011110001
110101101110100011110010
110101110001010111110000
110101110010110101001000
110101110001110001101000
110101110001111000110010
110101110100100100110110
110101110110010010011011
110101110101010111111001
110101110101001111100101
110101110111110001101011
110101111001101101111001
110101111000111110010010
110101111000101000001011
110101111010111110011111
110101111101000111100101
110101111100100100100100
110101111100000010100100
110101111110001011100010
110110000000011111100001
110110000000001010011111
110101111111011110101010
110110000001011001000011
110110000011110101110010
110110000011101111110110
110110000010111100010111
110110000100100111001111
110110000111001010100000
110110000111010100011011
110110000110011011100100
110110000111110110010100
110110001010011101110010
110110001010111000000001
110110001001111100000111
110110001011000110011101
110110001101101111110011
110110001110011010011110
110110001101011101110110
110110001110010111110100
110110010001000000101111
110110010001111011101010
110110010001000000100100
110110010001101010100000
110110010100010000110010
110110010101011011011100
110110010100100100000101
110110010100111110101000
110110010111100000001001
110110011000111001101111
110110011000001000001011
110110011000010100010001
110110011010101111000001
110110011100010110100001
110110011011101100101000
110110011011101011011101
110110011101111101101001
110110011111110001101111
110110011111010001001111
110110011111000100001100
110110100001001100001111
110110100011001011011010
110110100010110101110001
110110100010011110011110
110110100100011011000000
110110100110100011100100
110110100110011010000001
110110100101111010001111
110110100111101010001000
110110101001111010010001
110110101001111101110011
110110101001010111011010
110110101010111001110110
110110101101001111100111
110110101101100000111011
110110101100110101111000
110110101110001010010011
110110110000100011101101
110110110001000011001110
110110110000010101100011
110110110001011011101011
110110110011110110101100
110110110100100100100010
110110110011110110010000
110110110100101110000101
110110110111001000101101
110110111000000100101111
110110110111010111110110
110110111000000001101010
110110111010011001111011
110110111011100011101110
110110111010111010001001
110110111011010110011111
110110111101101010100001
110110111111000001011011
110110111110011100111110
110110111110101100101000
110111000000111010101100
110111000010011101110010
110111000010000000001000
110111000010000100001001
110111000100001010101000
110111000101111000110001
110111000101100011011011
110111000101011101000001
110111000111011010100000
110111001001010010011001
110111001001000110101011
110111001000110111010000
110111001010101010100010
110111001100101010101011
110111001100101001101100
110111001100010010110100
110111001101111010111000
110111010000000001101011
110111010000001100010011
110111001111101111100111
110111010001001011101110
110111010011010111011101
110111010011101110010101
110111010011001101100110
110111010100011101001110
110111010110101100000111
110111010111001111101000
110111010110101100101000
110111010111101111100001
110111011001111111110010
110111011010110000000100
110111011010001100100110
110111011011000010110000
110111011101010010100101
110111011110001111100001
110111011101101101010110
110111011110010111000001
110111100000100100101011
110111100001101101111000
110111100001001110110000
110111100001101100011001
110111100011110110001101
110111100101001011000110
110111100100110000101000
110111100101000010111101
110111100111000111010101
110111101000100111001000
110111101000010010110011
110111101000011010101111
110111101010011000010000
110111101100000001111010
110111101011110101000111
110111101011110011101111
110111101101101001000111
110111101111011011011110
110111101111010111011001
110111101111001101111110
110111110000111010000110
110111110010110011110101
110111110010111001011101
110111110010101001011000
110111110100001011011000
110111110110001011000001
110111110110011011001010
110111110110000101111100
110111110111011101000110
110111111001100001001000
110111111001111100010110
110111111001100011100010
110111111010101111011010
110111111100110110001101
110111111101011100111000
110111111101000010000110
110111111110000010011101
111000000000001010011001
111000000000111100100111
111000000000100001100000
111000000001010110010101
111000000011011101110010
111000000100011011011110
111000000100000001101001
111000000100101011001000
111000000110110000100010
111000000111111001010110
111000000111100010010110
111000001000000000111101
111000001010000010110001
111000001011010110001011
111000001011000011100000
111000001011010111110111
111000001101010100101001
111000001110110001111010
111000001110100100111011
111000001110101111110111
111000010000100110010101
111000010010001100100010
111000010010000110011110
111000010010001000111111
111000010011110111111101
111000010101100110000010
111000010101100111111111
111000010101100011001110
111000010111001001101101
111000011000111110011011
111000011001001001010011
111000011000111110100011
111000011010011011101110
111000011100010101110000
111000011100101010010010
111000011100011010111010
111000011101101110001000
111000011111101100000101
111000100000001010110011
111000011111111000001111
111000100001000001000110
111000100011000001011111
111000100011101010101101
111000100011010110011100
111000100100010100101110
111000100110010110000100
111000100111001001111001
111000100110110101011011
111000100111101001000111
111000101001101001111011
111000101010101000010001
111000101010010101000100
111000101010111110010111
111000101100111101001100
111000101110000101101111
111000101101110101001111
111000101110010100100011
111000110000001111111110
111000110001100010001111
111000110001010101110100
111000110001101011101110
111000110011100010011100
111000110100111101101111
111000110100110110101001
111000110101000011111011
111000110110110100101110
111000111000011000001101
111000111000010111100101
111000111000011101001010
111000111010000110111110
111000111011110001101001
111000111011111000011110
111000111011110111011011
111000111101011001010101
111000111111001010000100
111000111111011001001101
111000111111010010101100
111001000000101011111011
111001000010100001100000
111001000010111001100111
111001000010101110111010
111001000011111110111001
111001000101111000000000
111001000110011001100101
111001000110001100000001
111001000111010010011000
111001001001001101101010
111001001001111000111111
111001001001101001111100
111001001010100110011111
111001001100100010100010
111001001101010111101110
111001001101001000100110
111001001101111011010011
111001001111110110110000
111001010000110101101100
111001010000100111110110
111001010001010000111011
111001010011001010011011
111001010100010010110101
111001010100000111100110
111001010100100111011010
111001010110011101101010
111001010111101111000100
111001010111100111101101
111001010111111110110101
111001011001110000100110
111001011011001010010111
111001011011001000000011
111001011011010111001100
111001011101000011010111
111001011110100100101101
111001011110101000100000
111001011110110000100001
111001100000010110000111
111001100001111110000100
111001100010001000111010
111001100010001010110100
111001100011101000111100
111001100101010110011111
111001100101101001001010
111001100101100110000010
111001100110111100000001
111001101000101110000000
111001101001001001000110
111001101001000010001010
111001101010001111011101
111001101100000100101001
111001101100101000100111
111001101100011111000111
111001101101100011011000
111001101111011010011111
111001110000000111100111
111001101111111100110100
111001110000110111111000
111001110010101111100111
111001110011100101111110
111001110011011011001101
111001110100001101000011
111001110110000100000111
111001110111000011100111
111001110110111010001001
111001110111100010111110
111001111001011000000111
111001111010100000011101
111001111010011001100011
111001111010111001101110
111001111100101011101101
111001111101111100011110
111001111101111001010011
111001111110010001010101
111001111111111111000001
111010000001010111100110
111010000001011001010000
111010000001101001110110
111010000011010010001100
111010000100110001110100
111010000100111001010011
111010000101000011010001
111010000110100101010101
111010001000001011000111
111010001000011001010011
111010001000011101100110
111010001001111000100100
111010001011100011100010
111010001011111001001001
111010001011111000110011
111010001101001100000011
111010001110111011000110
111010001111011000101100
111010001111010100110101
111010010000011111110111
111010010010010001110101
111010010010110111110110
111010010010110001101010
111010010011110100001000
111010010101100111110100
111010010110010110100000
111010010110001111001101
111010010111001000111101
111010011000111101001001
111010011001110100100011
111010011001101101010111
111010011010011110011011
111010011100010001111000
111010011101010001111010
111010011101001100000100
111010011101110100100111
111010011111100110001000
111010100000101110100001
111010100000101011001100
111010100001001011100101
111010100010111010000001
111010100100001010010101
111010100100001010101001
111010100100100011010111
111010100110001101101001
111010100111100101010011
111010100111101010010010
111010100111111100000000
111010101001100001001000
111010101010111111011010
111010101011001010000000
111010101011010101100001
111010101100110100100111
111010101110011000101010
111010101110101001101011
111010101110101111111000
111010110000001000001100
111010110001110001000100
111010110010001001001011
111010110010001011000100
111010110011011011111111
111010110101001000101010
111010110101101000011010
111010110101100111000011
111010110110110000000111
111010111000011111011110
111010111001000111010000
111010111001000011110010
111010111010000100101100
111010111011110101100101
111010111100100101100111
111010111100100001001100
111010111101011001110011
111010111111001011000011
111011000000000011011001
111010111111111111001100
111011000000101111100001
111011000010011111111110
111011000011100000100001
111011000011011101101100
111011000100000101111011
111011000101110100011100
111011000110111100111011
111011000110111100100110
111011000111011101000101
111011001001001000100011
111011001010011000100100
111011001010011011110011
111011001010110101000001
111011001100011100011100
111011001101110011011010
111011001101111011001011
111011001110001101110001
111011001111110000001100
111011010001001101011011
111011010001011010100111
111011010001100111010111
111011010011000011111100
111011010100100110100111
111011010100111010000001
111011010101000001110000
111011010110010111110011
111011010111111110111111
111011011000011001010000
111011011000011100111100
111011011001101011110111
111011011011010110100110
111011011011111000001101
111011011011111000111001
111011011101000000010001
111011011110101101011110
111011011111010110110011
111011011111010101100100
111011100000010101000101
111011100010000011101010
111011100010110100111010
111011100010110010110111
111011100011101010011011
111011100101011001010000
111011100110010010011110
111011100110010000101111
111011100111000000010111
111011101000101110010100
111011101001101111011001
111011101001101111000100
111011101010010110111101
111011101100000010111101
111011101101001011100111
111011101101001101110011
111011101101101110010010
111011101111010111010001
111011110000100111000111
111011110000101100110011
111011110001000110010110
111011110010101011010110
111011110100000001110101
111011110100001011111101
111011110100011111001101
111011110101111111010101
111011110111011011110000
111011110111101011001100
111011110111111000110111
111011111001010011010011
111011111010110100111001
111011111011001010010110
111011111011010011010011
111011111100100111011000
111011111110001101010000
111011111110101001010111
111011111110101110100000
111011111111111011101100
111100000001100100110111
111100000010001000000110
111100000010001010011100
111100000011010000010011
111100000100111011110001
111100000101100110011101
111100000101100111000011
111100000110100101010101
111100001000010010000001
111100001001000100010111
111100001001000100010001
111100001001111010111000
111100001011100111101101
111100001100100001101111
111100001100100010000010
111100001101010000111111
111100001110111100111000
111100001111111110011111
111100010000000000010000
111100010000100111110000
111100010010010001101010
111100010011011010100100
111100010011011110110101
111100010011111111001110
111100010101100110000111
111100010110110101111011
111100010110111101101011
111100010111010111011010
111100011000111010011000
111100011010010000100010
111100011010011100101010
111100011010110000010111
111100011100001110100001
111100011101101010011000
111100011101111011101101
111100011110001010000110
111100011111100010101100
111100100001000011011101
111100100001011010101100
111100100001100100100101
111100100010110110111101
111100100100011011110010
111100100100111001100000
111100100100111111110011
111100100110001011011100
111100100111110011011001
111100101000011000000011
111100101000011011101110
111100101001100000010000
111100101011001010010100
111100101011110110001111
111100101011111000010011
111100101100110101011101
111100101110100000100111
111100101111010011111110
111100101111010101011110
111100110000001011001011
111100110001110110010111
111100110010110001001011
111100110010110011001010
111100110011100001011100
111100110101001011101000
111100110110001101110001
111100110110010001010001
111100110110111000010110
111100111000100000100000
111100111001101001101110
111100111001101111101111
111100111010001111111100
111100111011110101000101
111100111101000100111101
111100111101001110011101
111100111101101000001111
111100111111001001011110
111101000000011111011110
111101000000101101010100
111101000001000001010010
111101000010011101110001
111101000011111001001111
111101000100001100001101
111101000100011011000101
111101000101110010000101
111101000111010010010000
111101000111101011000010
111101000111110101100110
111101001001000110100000
111101001010101010100011
111101001011001001101100
111101001011010000110110
111101001100011011001001
111101001110000010001001
111101001110101000000101
111101001110101100110001
111101001111110000000111
111101010001011001000101
111101010010000110000111
111101010010001001010101
111101010011000101011110
111101010100101111011010
111101010101100011101101
111101010101100110011110
111101010110011011010100
111101011000000101001100
111101011001000000110001
111101011001000100000111
111101011001110001101111
111101011011011010100001
111101011100011101001111
111101011100100010001010
111101011101001000110001
111101011110101111011110
111101011111111001000100
111101100000000000100010
111101100000100000011101
111101100010000100001001
111101100011010100001100
111101100011011111001010
111101100011111000110111
111101100101011000101001
111101100110101110101000
111101100110111101111010
111101100111010001111111
111101101000101101000011
111101101010001000010100
111101101010011100101011
111101101010101011110110
111101101100000001011110
111101101101100001010010
111101101101111011011001
111101101110000110011011
111101101111010110000001
111101110000111001100010
111101110001011001111011
111101110001100001101100
111101110010101010110011
111101110100010001000110
111101110100111000001100
111101110100111101101001
111101110101111111111000
111101110111101000000001
111101111000010110000110
111101111000011010001101
111101111001010101011000
111101111010111110010111
111101111011110011100100
111101111011110111010100
111101111100101011010110
111101111110010100001011
111101111111010000100000
111101111111010100111011
111110000000000001110111
111110000001101001100011
111110000010101100110111
111110000010110010111011
111110000011011001000000
111110000100111110100011
111110000110001000100101
111110000110010001010000
111110000110110000110011
111110001000010011010011
111110001001100011101000
111110001001101111110010
111110001010001001010011
111110001011100111110111
111110001100111101111101
111110001101001110011101
111110001101100010100000
111110001110111100010110
111110010000010111100101
111110010000101101001001
111110010000111100011010
111110010010010000110111
111110010011110000011111
111110010100001011110001
111110010100010111000011
111110010101100101100001
111110010111001000101101
111110010111101010001101
111110010111110010010111
111110011000111010011000
111110011010100000001111
111110011011001000010111
111110011011001110010101
111110011100001111100101
111110011101110111001001
111110011110100110001010
111110011110101010111010
111110011111100101001010
111110100001001101011110
111110100010000011100001
111110100010001000000001
111110100010111011001111
111110100100100011010011
111110100101100000010111
111110100101100101100111
111110100110010001110111
111110100111111000101011
111110101000111100101000
111110101001000011100110
111110101001101001000110
111110101011001101101110
111110101100011000010000
111110101100100001111000
111110101101000000111111
111110101110100010100000
111110101111110011001110
111110110000000000011000
111110110000011001100011
111110110001110111000111
111110110011001101011111
111110110011011110111111
111110110011110010110101
111110110101001011101010
111110110110100111000010
111110110110111101100111
111110110111001100110100
111110111000100000010000
111110111001111111111000
111110111010011100001010
111110111010100111100000
111110111011110100111110
111110111101011000000010
111110111101111010100001
111110111110000010110111
111110111111001001111010
111111000000101111100010
111111000001011000100111
111111000001011110110111
111111000010011111001100
111111000100000110011010
111111000100110110010101
111111000100111011011110
111111000101110100110111
111111000111011100101110
111111001000010011100111
111111001000011000100110
111111001001001011000001
111111001010110010100001
111111001011110000010111
111111001011110110001100
111111001100100001101110
111111001110000111111010
111111001111001100100011
111111001111010100001011
111111001111111001000010
111111010001011100111101
111111010010101000000110
111111010010110010011100
111111010011010001000000
111111010100110001110000
111111010110000010111110
111111010110010000111010
111111010110101001101001
111111011000000110011001
111111011001011101001010
111111011001101111100000
111111011010000010111111
111111011011011010111111
111111011100110110101001
111111011101001110000110
111111011101011101000011
111111011110101111100111
111111100000001111011011
111111100000101100100101
111111100000110111110010
111111100010000100011000
111111100011100111100010
111111100100001010111001
111111100100010011001101
111111100101011001011000
111111100110111110111110
111111100111101000111011
111111100111101111010000
111111101000101110101101
111111101010010101110011
111111101011000110100101
111111101011001011111001
111111101100000100011100
111111101101101100000101
111111101110100011110011
111111101110101001000100
111111101111011010101011
111111110001000001110111
111111110010000000011111
111111110010000110101011
111111110010110001011100
111111110100010111001111
111111110101011100100110
111111110101100100101011
111111110110001000110101
111111110111101100010001
111111111000111000000101
111111111001000010111101
111111111001100000110111
111111111011000001000100
111111111100010010111001
111111111100100001011011
111111111100111001100101
111111111110010101101101
111111111111101101000000
000000000000000000000000
000000000000010011000000
000000000001101010010011
000000000011000110011011
000000000011011110100101
000000000011101101000111
000000000100111110111100
000000000110011111001001
000000000110111101000011
000000000111000111111011
000000001000010011101111
000000001001110111001011
000000001010011011010101
000000001010100011011010
000000001011101000110001
000000001101001110100100
000000001101111001010101
000000001101111111100001
000000001110111110001001
000000010000100101010101
000000010001010110111100
000000010001011100001101
000000010010010011111011
000000010011111011100100
000000010100110100000111
000000010100111001011011
000000010101101010001101
000000010111010001010011
000000011000010000110000
000000011000010111000101
000000011001000001000010
000000011010100110101000
000000011011101100110011
000000011011110101000111
000000011100011000011110
000000011101111011101000
000000011111001000001110
000000011111010011011011
000000011111110000100101
000000100001010000011001
000000100010100010111101
000000100010110001111010
000000100011001001010111
000000100100100101000001
000000100101111101000001
000000100110010000100000
000000100110100010110110
000000100111111001100111
000000101001010110010111
000000101001101111000110
000000101001111101000010
000000101011001110010000
000000101100101111000000
000000101101001101100100
000000101101010111111010
000000101110100011000011
000000110000000110111110
000000110000101011110101
000000110000110011011101
000000110001111000000110
000000110011011110010010
000000110100001001110100
000000110100001111101001
000000110101001101011111
000000110110110100111111
000000110111100111011010
000000110111101100011001
000000111000100011010010
000000111010001011001001
000000111011000100100010
000000111011001001101011
000000111011111001100110
000000111101100000110100
000000111110100001001001
000000111110100111011001
000000111111010000011110
000001000000110110000110
000001000001111101001001
000001000010000101011111
000001000010100111111110
000001000100001011000010
000001000101011000100000
000001000101100011110110
000001000110000000001000
000001000111011111110000
000001001000110011001100
000001001001000010011001
000001001001011000111110
000001001010110100010110
000001001100001101001011
000001001100100001000001
000001001100110010100001
000001001110001000111001
000001001111100110011101
000001001111111111101000
000001010000001100110010
000001010001011101100000
000001010010111111000001
000001010011011110001000
000001010011100111110000
000001010100110010010010
000001010110010110111010
000001010110111100011010
000001010111000011011000
000001011000000111010101
000001011001101110001001
000001011010011010011001
000001011010011111101001
000001011011011100101101
000001011101000100110001
000001011101110111111111
000001011101111100011111
000001011110110010100010
000001100000011010110110
000001100001010101000110
000001100001011001110110
000001100010001000110111
000001100011110000011011
000001100100110001101011
000001100100110111101001
000001100101011111110001
000001100111000101101000
000001101000001101101001
000001101000010101110011
000001101000110111010011
000001101010011010011111
000001101011101000111101
000001101011110100001111
000001101100001111100001
000001101101101111001001
000001101111000011100110
000001101111010010110111
000001101111101000011011
000001110001000011101010
000001110010011101100000
000001110010110001100011
000001110011000010000011
000001110100011000001001
000001110101110110101101
000001110110010000001110
000001110110011100011000
000001110111101100101101
000001111001001111001101
000001111001101110110000
000001111001110111011011
000001111011000001011101
000001111100100111000000
000001111101001101000101
000001111101010011001001
000001111110010110011101
000001111111111110001001
000010000000101011000101
000010000000101111100000
000010000001101011110101
000010000011010100101010
000010000100001000101100
000010000100001100011100
000010000101000001101001
000010000110101010101000
000010000111100101110011
000010000111101001111010
000010001000010111111111
000010001010000000001000
000010001011000010010111
000010001011000111110100
000010001011101110111010
000010001101010101001101
000010001110011110010100
000010001110100110000101
000010001111000110011110
000010010000101001111111
000010010001111001100101
000010010010000100100111
000010010010011110101110
000010010011111110100010
000010010101010100001010
000010010101100011010101
000010010101110111101100
000010010111010010111101
000010011000101110000001
000010011001000010000110
000010011001010001011000
000010011010100111010111
000010011100000111001001
000010011100100000110110
000010011100101011110100
000010011101111011110111
000010011111011111100011
000010011111111111011110
000010100000000110111100
000010100001010000100010
000010100010110111001111
000010100011011101110110
000010100011100010110001
000010100100100101011111
000010100110001110010001
000010100110111011111001
000010100110111111001111
000010100111111010110100
000010101001100100101100
000010101010011001100010
000010101010011100010011
000010101011010000100110
000010101100111010100010
000010101101110110101011
000010101101111001111001
000010101110100110111011
000010110000001111111001
000010110001010011001111
000010110001010111111011
000010110001111101110111
000010110011100100110111
000010110100101111001010
000010110100110110010100
000010110101010101011101
000010110110111001100000
000010111000001010011010
000010111000010100111110
000010111000101101110000
000010111010001101111011
000010111011100100111011
000010111011110011110011
000010111100000110110001
000010111101100010001111
000010111110111110101110
000010111111010010101100
000010111111100000100010
000011000000110110100010
000011000010010111110001
000011000010110001100011
000011000010111011000011
000011000100001010111011
000011000101110000000100
000011000110010000010001
000011000110010110010010
000011000111011111100000
000011001001000111101010
000011001001101110101111
000011001001110010001111
000011001010110100011000
000011001100011110100100
000011001101001100110110
000011001101001110110101
000011001110001001101001
000011001111110100110101
000011010000101010100010
000011010000101100000010
000011010001011111011001
000011010011001010100011
000011010100000111101101
000011010100001001110001
000011010100110101101100
000011010110011111110000
000011010111100100010010
000011010111100111111101
000011011000001100100111
000011011001110100100100
000011011011000000001101
000011011011000110100000
000011011011100100001110
000011011101001001000011
000011011110011011011011
000011011110100101010100
000011011110111100100011
000011100000011101010100
000011100001110101111010
000011100010000100010011
000011100010010101101000
000011100011110001011111
000011100101001111101001
000011100101100011010110
000011100101101111011110
000011100111000101101000
000011101000101000100110
000011101001000010010101
000011101001001010000101
000011101010011001111001
000011101100000000110010
000011101100100001001011
000011101100100101011100
000011101101101110010110
000011101111011000010000
000011101111111111110000
000011110000000001100001
000011110001000011001000
000011110010101111000001
000011110011011101111110
000011110011011110010001
000011110100011000010011
000011110110000101001000
000011110110111011101111
000011110110111011101001
000011110111101101111111
000011111001011010101011
000011111010011000111101
000011111010011001100011
000011111011000100001111
000011111100101111101101
000011111101110101100100
000011111101110111111010
000011111110011011001001
000100000000000100010100
000100000001010001100000
000100000001010110101001
000100000001110010110000
000100000011011000101000
000100000100101100101101
000100000100110101101010
000100000101001011000111
000100000110101100101101
000100001000000111001001
000100001000010100110100
000100001000100100010000
000100001010000000101011
000100001011100000110011
000100001011110100000011
000100001011111110001011
000100001101010100101010
000100001110111001101010
000100001111010011001101
000100001111011000111001
000100010000101000101111
000100010010010001101110
000100010010110010001101
000100010010110100011001
000100010011111101000011
000100010101101001000011
000100010110010000111100
000100010110010000100111
000100010111010001101100
000100011000111111101001
000100011001101111010001
000100011001101101100010
000100011010100110110000
000100011100010101100101
000100011101001101001001
000100011101001011000110
000100011101111100010110
000100011111101010111011
000100100000101010011100
000100100000101001001101
000100100001010010100010
000100100010111111101111
000100100100000111000111
000100100100000111110011
000100100100101001011010
000100100110010100001001
000100100111100011000100
000100100111100110110000
000100101000000001000001
000100101001101000001101
000100101010111110010000
000100101011000101111111
000100101011011001011001
000100101100111100000100
000100101110011000101001
000100101110100101011001
000100101110110010100101
000100110000001111110100
000100110001110010001111
000100110010000100110101
000100110010001100100110
000100110011100011100100
000100110101001010111111
000100110101100100001101
000100110101100111011100
000100110110110111011101
000100111000100010111011
000100111001000011011010
000100111001000011000101
000100111010001011100100
000100111011111010000101
000100111100100010010100
000100111100011111011111
000100111101100000000010
000100111111010000011111
000101000000000000110100
000100111111111100100111
000101000000110100111101
000101000010100110001101
000101000011011110110100
000101000011011010011001
000101000100001010011011
000101000101111011010100
000101000110111100001110
000101000110111000110000
000101000111100000100010
000101001001001111111001
000101001010011000111101
000101001010010111100110
000101001010110111010110
000101001100100100000001
000101001101110100111100
000101001101110110110101
000101001110001110111100
000101001111110111110100
000101010001010000001000
000101010001010110010101
000101010001100111010110
000101010011001011011001
000101010100101010011111
000101010100110110000000
000101010101000000100110
000101010110011110111000
000101011000000100000000
000101011000010101101110
000101011000011010101101
000101011001110010010111
000101011011011100101001
000101011011110101010111
000101011011110101101011
000101011101000101111111
000101011110110100011011
000101011111010100110100
000101011111010001011111
000101100000011001111000
000101100010001011011001
000101100010110011111100
000101100010101110000110
000101100011101110001000
000101100101100001100101
000101100110010010101001
000101100110001011011101
000101100111000010110111
000101101000110111000011
000101101001110000110011
000101101001101001100000
000101101010011000001100
000101101100001011111000
000101101101001110010110
000101101101001000001010
000101101101101110001011
000101101111100000001001
000101110000101011001011
000101110000100111010100
000101110001000100111010
000101110010110011111101
000101110100000111001101
000101110100000110110111
000101110100011100011110
000101110110000111011100
000101110111100010011010
000101110111100110101101
000101110111110100111001
000101111001011010101011
000101111010111100101111
000101111011000110101101
000101111011001110001100
000101111100101101110100
000101111110010110001010
000101111110100110110000
000101111110101000011010
000110000000000000111111
000110000001101110101011
000110000010000110101101
000110000010000011100010
000110000011010100010011
000110000101000110010010
000110000101100110011101
000110000101011111100011
000110000110100111111001
000110001000011101000010
000110001001000101110111
000110001000111100011001
000110001001111011111001
000110001011110010111101
000110001100100100110011
000110001100011010000010
000110001101010000011001
000110001111001000001000
000110010000000011001100
000110001111111000011001
000110010000100101100001
000110010010011100101000
000110010011100000111001
000110010011010111011001
000110010011111011010111
000110010101110000100011
000110010110111101110110
000110010110110110111010
000110010111010010000000
000110011001000011111111
000110011010011001111110
000110011010010110110110
000110011010101001100001
000110011100010111000100
000110011101110101001100
000110011101110111000110
000110011110000001111100
000110011111101001111001
000110100001001111011111
000110100001010111100000
000110100001011011010011
000110100010111100101001
000110100100101000110100
000110100100110111111101
000110100100110101101001
000110100110001111011010
000110101000000001001011
000110101000011000010011
000110101000010000111100
000110101001100010010110
000110101011011000100110
000110101011111000011010
000110101011101101001011
000110101100110101100101
000110101110101111000101
000110101111011000001010
000110101111001010010100
000110110000001001010000
000110110010000100101101
000110110010110111011010
000110110010101000010010
000110110011011101011110
000110110101011001100001
000110110110010110000100
000110110110000111000001
000110110110110010010110
000110111000101101101000
000110111001110011111111
000110111001100110011011
000110111010001000000000
000110111100000001000111
000110111101010001000110
000110111101000110011001
000110111101011110100000
000110111111010100000101
000111000000101101010100
000111000000100110110011
000111000000110101111100
000111000010100110101011
000111000100001000100101
000111000100000111100010
000111000100001110010111
000111000101111001000010
000111000111100010110110
000111000111101000011011
000111000111100111110011
000111001001001011010010
000111001010111100000101
000111001011001001010111
000111001011000010010001
000111001100011101100100
000111001110010100010010
000111001110101010001100
000111001110011101110001
000111001111110000000010
000111010001101011011101
000111010010001010110001
000111010001111010010001
000111010011000010110100
000111010101000001101001
000111010101101010111100
000111010101010111101111
000111010110010110000101
000111011000010110111001
000111011001001010100101
000111011000110110000111
000111011001101001111100
000111011011101011010010
000111011100101001100100
000111011100010101010011
000111011100111110100001
000111011110111110111010
000111100000000111110001
000111011111110101001101
000111100000010011111011
000111100010010001111000
000111100011100101000110
000111100011010101101110
000111100011101010010000
000111100101100100010010
000111100111000001011101
000111100110110110101101
000111100111000001100101
000111101000110110010011
000111101010011100110010
000111101010011000000001
000111101010011001111110
000111101100001000000011
000111101101110111000001
000111101101111001100010
000111101101110011011110
000111101111011001101011
000111110001010000001001
000111110001011011000101
000111110001001110000110
000111110010101011010111
000111110100101000001001
000111110100111100100000
000111110100101001110101
000111110101111101001111
000111110111111111000011
000111111000011101101010
000111111000000110101010
000111111001001111011110
000111111011010100111000
000111111011111110010111
000111111011100100100010
000111111100100010001110
000111111110101001101011
000111111111011110100000
000111111111000011011001
000111111111110101100111
001000000001111101100011
001000000010111101111010
001000000010100011001000
001000000011001001110011
001000000101010000100110
001000000110011100011110
001000000110000011101010
001000000110011110111000
001000001000100010111010
001000001001111010000100
001000001001100100110110
001000001001110100111111
001000001011110100101000
001000001101010110101000
001000001101000110100011
001000001101001100001011
001000001111000101111010
001000010000110010000010
001000010000101000100111
001000010000100100100010
001000010010010110111001
001000010100001100010001
001000010100001010111001
001000010011111110000110
001000010101100111110000
001000010111100101010001
001000010111101101001101
001000010111011000111000
001000011000111000101011
001000011010111101000011
001000011011001111011000
001000011010110100111010
001000011100001001110011
001000011110010011100111
001000011110110001010000
001000011110010010001000
001000011111011011010101
001000100001101000111111
001000100010010010101010
001000100001110000011111
001000100010101101011011
001000100100111101010000
001000100101110011011010
001000100101001111111100
001000100110000000001110
001000101000010000011111
001000101001010011011000
001000101000110000011000
001000101001010011111001
001000101011100010110010
001000101100110010011010
001000101100010001101011
001000101100101000100011
001000101110110100010010
001000110000010000011001
001000101111110011101101
001000101111111110010101
001000110010000101001000
001000110011101101001100
001000110011010110010100
001000110011010101010101
001000110101010101011110
001000110111001000110000
001000110110111001010101
001000110110101101100111
001000111000100101100000
001000111010100010111111
001000111010011100100101
001000111010000111001111
001000111011110101011000
001000111101111011110111
001000111101111111111000
001000111101100010001110
001000111111000101010100
001001000001010011011000
001001000001100011000010
001001000000111110100101
001001000010010101011111
001001000100101001100001
001001000101000101110111
001001000100011100010010
001001000101100110000101
001001000111111110010110
001001001000101000001010
001001000111111011010001
001001001000110111010011
001001001011010001111011
001001001100001001110000
001001001011011011011110
001001001100001001010100
001001001110100100010101
001001001111101010011101
001001001110111100110010
001001001111011100010011
001001010001110101101101
001001010011001010001000
001001010010011111000101
001001010010110000011001
001001010101000110001010
001001010110101000100110
001001010110000010001101
001001010110000101101111
001001011000010101111000
001001011010000101110001
001001011001100101111111
001001011001011100011100
001001011011100101000000
001001011101100001100010
001001011101001010001111
001001011100110100100110
001001011110110011110001
001001100000111011110100
001001100000101110110001
001001100000001110010001
001001100010000010010111
001001100100010100100011
001001100100010011011000
001001100011101001011111
001001100101010000111111
001001100111101011101111
001001100111110111110101
001001100111000110010001
001001101000011111110111
001001101011000001011000
001001101011011011111011
001001101010100100100100
001001101011101111001110
001001101110010101100000
001001101110111111011100
001001101110000100010110
001001101110111111010001
001001110001101000001100
001001110010100010001010
001001110001100101100010
001001110010010000001101
001001110100111001100011
001001110110000011111001
001001110101000111111111
001001110101100010001110
001001111000001001101100
001001111001100100011100
001001111000101011100101
001001111000110101100000
001001111011011000110001
001001111101000011101001
001001111100010000001010
001001111100001010001110
001001111110100110111101
001010000000100001010110
001001111111110101100001
001001111111100000011111
001010000001110100011110
001010000011111101011100
001010000011011011011100
001010000010111000011011
001010000101000001100001
001010000111010111110101
001010000111000001101110
001010000110010010000111
001010001000001110010101
001010001010110000011011
001010001010101000000111
001010001001101101100101
001010001011011011001010
001010001110000111001110
001010001110001110011000
001010001101001010111000
001010001110101000010000
001010010001011100001110
001010010001110100001111
001010010000101001111101
001010010001110101110111
001010010100101111011100
001010010101011001011101
001010010100001010110010
001010010101000100001111
001010011000000000111101
001010011000111101110011
001010010111101101010001
001010011000010011100111
001010011011010000111000
001010011100100001000000
001010011011010001010010
001010011011100100010000
001010011110011111010101
001010100000000010110110
001010011110110110101011
001010011110110110010101
001010100001101100100000
001010100011100011001001
001010100010011101010000
001010100010001010000101
001010100100111000100101
001010100111000001101100
001010100110000100110100
001010100101011111101001
001010101000000011110011
001010101010011110010110
001010101001101101001000
001010101000110111001011
001010101011001110011010
001010101101111000111110
001010101101010101111010
001010101100010000110001
001010101110011000101011
001010110001010001011111
001010110000111110111000
001010101111101100100001
001010110001100010111001
001010110100100111110101
001010110100100111110001
001010110011001010011101
001010110100101101010110
001010110111111011111111
001010111000010000010001
001010110110101010100101
001010110111111000010110
001010111011001101111110
001010111011111000000100
001010111010001100110101
001010111011000100001101
001010111110011101110111
001010111111011110110110
001010111101110001001000
001010111110010001001101
001011000001101011110001
001011000011000100010110
001011000001010111010111
001011000001011111101001
001011000100110111110100
001011000110101000010001
001011000100111111010110
001011000100101111110011
001011001000000010001101
001011001010001010010110
001011001000101000111001
001011001000000001111011
001011001011001011001010
001011001101101010010101
001011001100010011110000
001011001011010110001111
001011001110010010111011
001011010001001000000001
001011001111111111101001
001011001110101100111101
001011010001011001110100
001011010100100011001111
001011010011101100010001
001011010010000110001110
001011010100100000001000
001011010111111011110101
001011010111011001010011
001011010101100010001010
001011010111100110001110
001011011011010001101100
001011011011000110010111
001011011001000000110111
001011011010101100011101
001011011110100100110001
001011011110110011000111
001011011100100010010111
001011011101110011001100
001011100001110101000100
001011100010011111001010
001011100000000110101001
001011100000111010110101
001011100101000010100110
001011100110001010000110
001011100011101101101010
001011100100000011110000
001011101000001101011101
001011101001110011100101
001011100111010111010001
001011100111001110010101
001011101011010101110010
001011101101011011001101
001011101011000011010101
001011101010011010111101
001011101110011011110000
001011110001000000100111
001011101110110001100111
001011101101101001111111
001011110001011111100111
001011110100100011011100
001011110010100001111001
001011110000111011101111
001011110100100001101010
001011111000000011011001
001011110110010011110101
001011110100010000100010
001011110111100010001101
001011111011100000001010
001011111010000111000101
001011110111101000101000
001011111010100001100111
001011111110111001011111
001011111101111011010001
001011111011000100010010
001011111101100000010100
001100000010001111001011
001100000001101111111100
001011111110100011101011
001100000000011110101111
001100000101100001000010
001100000101100100101010
001100000010000110111101
001100000011011101010111
001100001000101110111101
001100001001011000111011
001100000101101110001110
001100000110011100101100
001100001011111000110111
001100001101001100001111
001100001001011001100001
001100001001011101001111
001100001110111110101111
001100010000111110000100
001100001101001000110101
001100001100011111100011
001100010010000000101000
001100010100101101110111
001100010000111100000101
001100001111100100001010
001100010100111110100111
001100011000011011000100
001100010100110011001011
001100010010101011101000
001100010111111000110111
001100011100000101001010
001100011000101101111010
001100010101110110011111
001100011010101111100100
001100011111101011100100
001100011100101100000100
001100011001000101010100
001100011101100010111111
001100100011001101110000
001100100000101101010111
001100011100011000101000
001100100000010011011011
001100100110101011001010
001100100100110001011110
001100011111110001000000
001100100011000001001111
001100101010000011001111
001100101000111000000000
001100100011001110111110
001100100101101100110100
001100101101010101011101
001100101101000000100011
001100100110110011000100
001100101000010110100111
001100110000100001010001
001100110001001010101100
001100101010011101110110
001100101010111111000011
001100110011100110000110
001100110101010101111010
001100101110001111111100
001100101101100110101001
001100110110100011010100
001100111001100001110000
001100110010001001111101
001100110000001101111000
001100111001011000001111
001100111101101101101100
001100110110001100101001
001100110010110101001111
001100111100000100000100
001101000001111001010000
001100111010011000111011
001100110101011101010000
001100111110100101110010
001101000110000011111011
001100111110101111111010
001100111000000110011000
001101000000111100000100
001101001010001101010001
001101000011010011001011
001100111010110001000010
001101000011000101000110
001101001110010100110111
001101001000000100110111
001100111101011101100111
001101000100111110010001
001101010010011010011011
001101001101001000001101
001101000000001100010101
001101000110100011100011
001101010110011101110010
001101010010100010001100
001101000010111101001110
001101000111101110101000
001101011010011111000110
001101011000011011000010
001101000101101111111010
001101001000010100110001
001101011110011111000110
001101011111000001000000
001101001000100011000111
001101001000000010011111
001101100010011111110110
001101100110101111010110
001101001011010011011100
001101000110010000101000
001101100110100111000110
001101110000100000011010
001101001101110110111010
001101000001100100001100
001101101011000111000101
001101111110101010100000
001101001111101001010010
001100110101110001000010
001101110001010000101100
001110011001100010101101
001101001101010011011010
001100001111010001110000
001110000101001100111010
001111111111111111111111
001011101010000110000101
