000000000000000000000000
110000000000000000000001
110011101111100111100111
110001100100101101110100
110011000111011011000111
110001111101111010010111
110010111001111001011111
110010001010011001010101
110010110011011110010110
110010010010011111010100
110010101111111101110101
110010011000100010011101
110010101101111101000100
110010011101011101000011
110010101100110100111101
110010100001101010001110
110010101100010010000100
110010100101011000010001
110010101100001001101101
110010101000101111010101
110010101100010101100011
110010101011110100011001
110010101100110001100111
110010101110101010101010
110010101101011011010010
110010110001010100010100
110010101110010000110000
110010110011110010111010
110010101111010000101010
110010110110000111100101
110010110000011010000000
110010111000010011010001
110010110001101011111100
110010111010010110101111
110010110011000101101111
110010111100010010101010
110010110100100110110000
110010111110000111101011
110010110110001110011000
110010111111110110011010
110010110111111011111111
110011000001011111011011
110010111001101111000001
110011000011000011010101
110010111011100110110111
110011000100100010101110
110010111101100010111011
110011000101111110001100
110010111111100010100110
110011000111010110010110
110011000001100101010001
110011001000101011110011
110011000011101010010111
110011001001111111001001
110011000101110001010010
110011001011010000111101
110011000111111001011011
110011001100100001110100
110011001010000010010000
110011001101110010010010
110011001100001011001101
110011001111000010111000
110011001110010011110001
110011010000010100000110
110011010000011011011111
110011010001100110011000
110011010010100001111010
110011010010111010001011
110011010100100110101001
110011010100001111110101
110011010110101001010111
110011010101100111101010
110011011000101001101111
110011010111000001111101
110011011010100111100100
110011011000011110111001
110011011100100010101001
110011011001111110101010
110011011110011010110110
110011011011100001010110
110011100000010000000110
110011011101000110111111
110011100010000010011000
110011011110101111100101
110011100011110001101111
110011100000011011000101
110011100101011110010001
110011100010001001010110
110011100111001000000100
110011100011111010001111
110011101000101111010110
110011100101101101100100
110011101010010100010011
110011100111100011000110
110011101011110111001100
110011101001011010100011
110011101101011000010011
110011101011010011101010
110011101110110111111001
110011101101001110000110
110011110000010110010101
110011101111001001100011
110011110001110011111001
110011110001000101101100
110011110011010000111101
110011110011000010001101
110011110100101101110011
110011110100111110101111
110011110110001010110001
110011110110111011000000
110011110111101000001011
110011111000110110101101
110011111001000110010010
110011111010110001100011
110011111010100101010111
110011111100101011010011
110011111100000101101010
110011111110100011101111
110011111101100111011000
110100000000011010101011
110011111111001010101011
110100000010001111111100
110100000000101111101100
110100000100000011011100
110100000010010110100010
110100000101110101000101
110100000011111111010000
110100000111100100110101
110100000101101001110111
110100001001010010101100
110100000111010110010111
110100001010111110101100
110100001001000100101100
110100001100101000111001
110100001010110100110000
110100001110010001011010
110100001100100110011101
110100001111111000010111
110100001110011001101000
110100010001011101111011
110100010000001110000110
110100010011000010010010
110100010010000011101101
110100010100100101101000
110100010011111010001101
110100010110001000001010
110100010101110001011001
110100010111101010001001
110100010111101001000010
110100011001001011110001
110100011001100000111001
110100011010101101010010
110100011011011000110001
110100011100001110111011
110100011101010000011001
110100011101110000111010
110100011111000111100101
110100011111010011011100
110100100000111110001000
110100100000110110101101
110100100010110011110110
110100100010011010111000
110100100100101000100101
110100100100000000000111
110100100110011100001011
110100100101100110100010
110100101000001110100010
110100100111001110001111
110100101001111111100101
110100101000110111010010
110100101011101111001111
110100101010100001110000
110100101101011101011111
110100101100001101101000
110100101111001010010101
110100101101111010111001
110100110000110101110011
110100101111101001100001
110100110010011111111011
110100110001011001011011
110100110100001000110101
110100110011001010100010
110100110101110000100101
110100110100111100101110
110100110111010111010101
110100110110101111110110
110100111000111101001100
110100111000100011110001
110100111010100010010110
110100111010011000010101
110100111100000110111101
110100111100001101010110
110100111101101011001100
110100111110000010101001
110100111111001111001111
110100111111111000000010
110101000000110011010001
110101000001101101010111
110101000010010111011101
110101000011100010011100
110101000011111011111111
110101000101010111000110
110101000101100001000001
110101000111001011001100
110101000111000110101011
110101001000111110100100
110101001000101101000111
110101001010110001000111
110101001010010100011100
110101001100100010101110
110101001011111100101111
110101001110010011010100
110101001101100110000110
110101010000000010110110
110101001111010000100011
110101010001110001001111
110101010000111100001000
110101010011011110100001
110101010010101000110101
110101010101001010101010
110101010100010110101001
110101010110110101101110
110101010110000101100010
110101011000011111101111
110101010111110101011011
110101011010001000110011
110101011001100110001110
110101011011110000111110
110101011011010111110111
110101011101011000011001
110101011101001010001101
110101011110111111001010
110101011110111101001000
110101100000100101011010
110101100000110000100000
110101100010001011010010
110101100010100100001011
110101100011110000111011
110101100100011000000000
110101100101010110011111
110101100110001011110101
110101100110111100001000
110101100111111111100010
110101101000100001111110
110101101001110010111100
110101101010001000001010
110101101011100101111101
110101101011101110110100
110101101101011000011011
110101101101010110000101
110101101111001010010000
110101101110111110000001
110101110000111011010101
110101110000100110110000
110101110010101011100111
110101110010010000010101
110101110100011011000000
110101110011111010110100
110101110110001001011110
110101110101100110001110
110101110111110111000000
110101110111010010100101
110101111001100011100101
110101111000111111111000
110101111011001111001111
110101111010101110000110
110101111100111001111111
110101111100011101001100
110101111110100011111010
110101111110001101000101
110110000000001101000011
110101111111111101101101
110110000001110101100000
110110000001101110111111
110110000011011101010111
110110000011100000110011
110110000101000100101111
110110000101010011000010
110110000110101011101111
110110000111000101100101
110110001000010010100000
110110001000111000010100
110110001001111001001000
110110001010101011000111
110110001011011111110001
110110001100011101110110
110110001101000110100010
110110001110010000011000
110110001110101101100011
110110010000000010100111
110110010000010100111100
110110010001110100011011
110110010001111100110010
110110010011100101101111
110110010011100101001011
110110010101010110011100
110110010101001110001110
110110010111000110011101
110110010110110111111111
110110011000110101101111
110110011000100010011111
110110011010100100010000
110110011010001101110011
110110011100010001111101
110110011011111001111011
110110011101111110110101
110110011101100110111000
110110011111101010111001
110110011111010100100111
110110100001010110001011
110110100001000011001000
110110100011000000101101
110110100010110010011000
110110100100101010100011
110110100100100010010010
110110100110010011110000
110110100110010010110010
110110100111111100011010
110110101000000011110010
110110101001100100100110
110110101001110101001100
110110101011001100011011
110110101011100110111011
110110101100110100000000
110110101101011000110110
110110101110011011011011
110110101111001010111000
110110110000000010110100
110110110000111100111001
110110110001101010010001
110110110010101110110001
110110110011010001111001
110110110100100000011011
110110110100111001110100
110110110110010001110000
110110110110100010000110
110110111000000010101010
110110111000001010110110
110110111001110011000100
110110111001110100001000
110110111011100010111001
110110111011011110000001
110110111101010010000110
110110111101001000100100
110110111111000000101000
110110111110110011110100
110111000000101110011101
110111000000011111110001
110111000010011011100011
110111000010001100011100
110111000100000111111011
110111000011111001110101
110111000101110011100110
110111000101100111111011
110111000111011110100110
110111000111010110101011
110111001001001000111101
110111001001000110000010
110111001010110010101110
110111001010110101111100
110111001100011011111111
110111001100100110010101
110111001110000100110011
110111001110010111000111
110111001111101101010001
110111010000001000001101
110111010001010101011101
110111010001111001100001
110111010010111101011111
110111010011101010111101
110111010100100101011101
110111010101011100011010
110111010110001101011100
110111010111001101110010
110111010111110101100011
110111011000111111000000
110111011001011101111000
110111011010101111111100
110111011011000110100000
110111011100100000100010
110111011100101111100010
110111011110010000101110
110111011110011001000000
110111100000000000011001
110111100000000011000000
110111100001101111100010
110111100001101101100101
110111100011011110000101
110111100011011000110001
110111100101001011111111
110111100101000100100101
110111100110111001010000
110111100110110001000011
110111101000100101111000
110111101000011110001011
110111101010010001110111
110111101010001011111011
110111101011111101001101
110111101011111010010010
110111101101100111111110
110111101101101001001110
110111101111010010001101
110111101111011000101010
110111110000111011111100
110111110001001000100100
110111110010100101010000
110111110010111000110110
110111110100001110001101
110111110100101001011100
110111110101110110111010
110111110110011010010001
110111110111011111011010
110111111000001011001111
110111111001000111110101
110111111001111100010000
110111111010110000001111
110111111011101101001110
110111111100011000101110
110111111101011110000101
110111111110000001011000
110111111111001110101110
110111111111101010010011
111000000000111111000100
111000000001010011100010
111000000010101111000100
111000000010111101001010
111000000100011110101000
111000000100100111010000
111000000110001101101101
111000000110010001110110
111000000111111100010000
111000000111111100111111
111000001001101010010000
111000001001101000101100
111000001011010111101010
111000001011010101000000
111000001101000100011110
111000001101000001111001
111000001110110000101101
111000001110101111011000
111000010000011100010110
111000010000011101011011
111000010010000111011100
111000010010001100000000
111000010011110010000010
111000010011111011000100
111000010101011100001010
111000010101101010100101
111000010111000101110111
111000010111011010011101
111000011000101111001111
111000011001001010101010
111000011010011000010101
111000011010111011000101
111000011100000001001111
111000011100101011101010
111000011101101010000001
111000011110011100010100
111000011111010010110001
111000100000001100111110
111000100000111011100100
111000100001111101100010
111000100010100100100000
111000100011101101111011
111000100100001101101000
111000100101011110000101
111000100101110111000010
111000100111001101111011
111000100111100000110011
111000101000111101011000
111000101001001010111101
111000101010101100011011
111000101010110101100100
111000101100011010111111
111000101100100000101010
111000101110001001000011
111000101110001100010010
111000101111110110100100
111000101111111000011100
111000110001100011100011
111000110001100101001010
111000110011001111111110
111000110011010010011010
111000110100111011110111
111000110101000000001101
111000110110100111001111
111000110110101110011111
111000111000010010001000
111000111000011101010000
111000111001111100100100
111000111010001100011011
111000111011100110100111
111000111011111011111110
111000111101010000010100
111000111101101011110101
111000111110111001110000
111000111111011011111011
111001000000100010111110
111001000001001100001100
111001000010001100000100
111001000010111100100011
111001000011110101000111
111001000100101100111011
111001000101011110001010
111001000110011101010000
111001000111000111010100
111001001000001101011100
111001001000110000101000
111001001001111101011011
111001001010011010001100
111001001011101101001001
111001001100000100000011
111001001101011100100010
111001001101101110010000
111001001111001011100010
111001001111011000111000
111001010000111010000111
111001010001000011111100
111001010010101000001111
111001010010101111011111
111001010100010101110111
111001010100011011100010
111001010110000010111110
111001010110001000000101
111001010111101111100101
111001010111110101001001
111001011001011011101011
111001011001100010101101
111001011011000111010010
111001011011010000110000
111001011100110010011011
111001011100111111010000
111001011110011101001001
111001011110101110001001
111001100000000111011110
111001100000011101011010
111001100001110001011101
111001100010001100111111
111001100011011011001011
111001100011111100110011
111001100101000100101011
111001100101101100110011
111001100110101110000010
111001100111011100111010
111001101000010111010011
111001101001001101000011
111001101010000000100101
111001101010111101001011
111001101011101001111010
111001101100101101001100
111001101101010011011001
111001101110011101000011
111001101110111101000100
111001110000001100101010
111001110000100111000000
111001110001111011111111
111001110010010001010000
111001110011101010111110
111001110011111011111000
111001110101011001100100
111001110101100110111010
111001110111000111101110
111001110111010010011000
111001111000110101011100
111001111000111110010100
111001111010100010101011
111001111010101010101111
111001111100001111011100
111001111100010111101000
111001111101111011101110
111001111110000101000000
111001111111100111100010
111001111111110010110101
111010000001010010111001
111010000001100001000110
111010000010111101110110
111010000011001111110001
111010000100101000011010
111010000100111110110010
111010000110010010101001
111010000110101110000111
111010000111111100100110
111010001000011101101100
111010001001100110010101
111010001010001101011101
111010001011001111111010
111010001011111101010110
111010001100111001011001
111010001101101101010011
111010001110100010110110
111010001111011101010000
111010010000001100010110
111010010001001101001000
111010010001110101111100
111010010010111100110111
111010010011011111101110
111010010100101100011001
111010010101001001101110
111010010110011011101011
111010010110110100000001
111010011000001010101000
111010011000011110101001
111010011001111001001111
111010011010001001101001
111010011011100111011101
111010011011110101000011
111010011101010101010000
111010011101100000111001
111010011111000010100110
111010011111001101001100
111010100000101111011111
111010100000111001111100
111010100010011011111100
111010100010100111001000
111010100100000111111011
111010100100010100110010
111010100101110011011111
111010100110000010110110
111010100111011110101000
111010100111110001010011
111010101001001001011010
111010101001100000000110
111010101010110011110111
111010101011001111001110
111010101100011110000010
111010101100111110100101
111010101110000111111110
111010101110101110001010
111010101111110001101111
111010110000011101110111
111010110001011011011001
111010110010001101101010
111010110011000101000001
111010110011111101011101
111010110100101110101001
111010110101101101001101
111010110110011000010111
111010110111011100110110
111010111000000010001110
111010111001001100010011
111010111001101100010010
111010111010111011100010
111010111011010110100110
111010111100101010011111
111010111101000001001101
111010111110011001000111
111010111110101100001011
111011000000000111011000
111011000000010111100001
111011000001110101010000
111011000010000011010010
111011000011100010101100
111011000011101111011101
111011000101001111101110
111011000101011100000101
111011000110111100010011
111011000111001001001000
111011001000101000011100
111011001000110110100110
111011001010010100001011
111011001010100100011111
111011001011111111100001
111011001100010010110000
111011001101101010011111
111011001110000001011000
111011001111010101001000
111011001111110000010011
111011010000111111011110
111011010001011111011111
111011010010101001100110
111011010011001110111000
111011010100010011100010
111011010100111110011011
111011010101111101010110
111011010110101110000100
111011010111100111000110
111011011000011101101111
111011011001010000110110
111011011010001101011001
111011011010111010101001
111011011011111100111100
111011011100100100100101
111011011101101100010110
111011011110001110101100
111011011111011011100011
111011011111111001000001
111011100001001010100000
111011100001100011101000
111011100010111001001001
111011100011001110100100
111011100100100111011101
111011100100111001110110
111011100110010101011001
111011100110100101100001
111011101000000010111100
111011101000010001100110
111011101001110000000100
111011101001111110000110
111011101011011100110010
111011101011101011000000
111011101101001001000101
111011101101011000010101
111011101110110100111110
111011101111000110000011
111011110000100000011110
111011110000110100001010
111011110010001011100111
111011110010100010100110
111011110011110110011010
111011110100010001010111
111011110101100000111011
111011110110000000011000
111011110111001011001101
111011110111101111101000
111011111000110101010011
111011111001011111000010
111011111010011111001111
111011111011001110100011
111011111100001001000111
111011111100111110000111
111011111101110010111101
111011111110101101101010
111011111111011100110110
111100000000011101001001
111100000001000110110101
111100000010001100100000
111100000010110000111110
111100000011111011101100
111100000100011011010100
111100000101101010101000
111100000110000101111011
111100000111011001010011
111100000111110000110100
111100001001000111101010
111100001001011100000011
111100001010110101101011
111100001011000111101001
111100001100100011010011
111100001100110011101000
111100001110010000100010
111100001110100000000000
111100001111111101011000
111100010000001100110010
111100010001101001110011
111100010001111001111110
111100010011010101110101
111100010011100111100011
111100010101000001011111
111100010101010101011111
111100010110101100110001
111100010111000011110010
111100011000010111101111
111100011000110010011001
111100011010000010011010
111100011010100001010001
111100011011101100110100
111100011100010000011000
111100011101010111000010
111100011101111111101010
111100011111000001000111
111100011111101111000011
111100100000101011000101
111100100001011110100001
111100100010010101000001
111100100011001110000000
111100100011111110111110
111100100100111101011011
111100100101101001000000
111100100110101100110000
111100100111010011001011
111100101000011011111010
111100101000111101100001
111100101010001010110111
111100101010101000000111
111100101011111001100100
111100101100010010111110
111100101101100111111110
111100101101111110001001
111100101111010110000011
111100101111101001101010
111100110001000011110000
111100110001010101100011
111100110010110001000110
111100110011000001110100
111100110100011110000011
111100110100101110011111
111100110110001010100110
111100110110011011100010
111100110111110110110001
111100111000001000111110
111100111001100010100011
111100111001110110110010
111100111011001101111111
111100111011100100111100
111100111100111001000101
111100111101010011011010
111100111110100011111001
111100111111000010001010
111101000000001110011100
111101000000110001001000
111101000001111000110001
111101000010100000010011
111101000011100010111100
111101000100001111100110
111101000101001101000001
111101000101111110111111
111101000110110111000010
111101000111101110011001
111101001000100001000011
111101001001011101110001
111101001010001011000111
111101001011001101000100
111101001011110101010011
111101001100111100001110
111101001101011111101001
111101001110101011001100
111101001111001010001101
111101010000011001111010
111101010000110101000010
111101010010001000010111
111101010010100000001001
111101010011110110100000
111101010100001011100110
111101010101100100010011
111101010101110111011001
111101010111010001101111
111101010111100011100011
111101011000111110110011
111101011001010000000110
111101011010101011011110
111101011010111101000010
111101011100010111110001
111101011100101010010110
111101011110000011101011
111101011110011000000010
111101011111101111001111
111101100000000110000011
111101100001011010011110
111101100001110100011001
111101100011000101011001
111101100011100011000001
111101100100110000000100
111101100101010001111001
111101100110011010100000
111101100111000000111101
111101101000000100110001
111101101000110000001010
111101101001101110111011
111101101010011111011110
111101101011011001000000
111101101100001110110101
111101101101000011000100
111101101101111110001010
111101101110101101001011
111101101111101101011100
111101110000010111010111
111101110001011100100101
111101110010000001101101
111101110011001011100100
111101110011101100010000
111101110100111010010101
111101110101010111000001
111101110110101000110101
111101110111000010000101
111101111000010111000010
111101111000101101011101
111101111010000100111011
111101111010011001001010
111101111011110010011101
111101111100000101001110
111101111101011111100111
111101111101110001101010
111101111111001100011010
111101111111011110011111
111110000000111000110100
111110000001001011101011
111110000010100100110110
111110000010111001001111
111110000100010000100010
111110000100100111001000
111110000101111011111000
111110000110010101010111
111110000111100110111011
111110001000000011111000
111110001001010001101100
111110001001110010101000
111110001010111100001111
111110001011100001100111
111110001100100110100110
111110001101010000101111
111110001110010000110100
111110001110111111111111
111110001111111010111101
111110010000101111010010
111110010001100101000011
111110010010011110100110
111110010011001111001100
111110010100001101110110
111110010100111001011001
111110010101111101000000
111110010110100011101110
111110010111101100000000
111110011000001110001110
111110011001011010110011
111110011001111000111101
111110011011001001010111
111110011011100011111101
111110011100110111101001
111110011101001111001111
111110011110100101100110
111110011110111010110111
111110100000010011001110
111110100000100110110101
111110100010000000011111
111110100010010011001010
111110100011101101011001
111110100011111111111000
111110100101011001111010
111110100101101100111101
111110100111000110000100
111110100111011010011001
111110101000110001110111
111110101001001000001011
111110101010011101010101
111110101010110110010010
111110101100001000011110
111110101100100100101101
111110101101110011010110
111110101110010011010111
111110101111011101111111
111110110000000010010000
111110110001001000011010
111110110001110001010100
111110110010110010101101
111110110011100000100000
111110110100011100111000
111110110101001111110001
111110110110000111000001
111110110110111111000011
111110110111110001001010
111110111000101110010011
111110111001011011010111
111110111010011101011101
111110111011000101101100
111110111100001100011111
111110111100110000001010
111110111101111011010101
111110111110011010110110
111110111111101001111100
111111000000000101110001
111111000001011000010011
111111000001110000111111
111111000011000110010101
111111000011011100100001
111111000100110100000011
111111000101001000011001
111111000110100001011011
111111000110110100100111
111111001000001110011011
111111001000100001001101
111111001001111011000100
111111001010001110001011
111111001011100111010101
111111001011111011100000
111111001101010011001111
111111001101101001001011
111111001110111110110100
111111001111010111001100
111111010000101010000100
111111010001000101100000
111111010010010101000001
111111010010110100000101
111111010011111111101111
111111010100100010111001
111111010101101010001111
111111010110010001111001
111111010111010100100101
111111011000000001000010
111111011000111110110100
111111011001110000010000
111111011010101000111110
111111011011011111100001
111111011100010011001000
111111011101001110110001
111111011101111101010101
111111011110111101111100
111111011111100111100111
111111100000101101000000
111111100001010010000011
111111100010011011111001
111111100010111100101011
111111100100001010100100
111111100100100111100011
111111100101111000111111
111111100110010010101011
111111100111100111001000
111111100111111110000111
111111101001010100111100
111111101001101001111001
111111101011000010011010
111111101011010110000001
111111101100101111100001
111111101101000010100000
111111101110011100010000
111111101110101111010111
111111110000001000101001
111111110000011100100101
111111110001110100101010
111111110010001010001001
111111110011100000010101
111111110011111000000011
111111110101001011101011
111111110101100110010001
111111110110110110101110
111111110111010100110001
111111111000100001100001
111111111001000011100001
111111111010001100000101
111111111010110010011101
111111111011110110011111
111111111100100001100011
111111111101100000101111
111111111110010000110000
111111111111001010111011
000000000000000000000000
000000000000110101000101
000000000001101111010000
000000000010011111010001
000000000011011110011101
000000000100001001100001
000000000101001101100011
000000000101110011111011
000000000110111100011111
000000000111011110011111
000000001000101011001111
000000001001001001010010
000000001010011001101111
000000001010110100010101
000000001100000111111101
000000001100011111101011
000000001101110101110111
000000001110001011010110
000000001111100011011011
000000001111110111010111
000000010001010000101001
000000010001100011110000
000000010010111101100000
000000010011010000011111
000000010100101001111111
000000010100111101100110
000000010110010110000111
000000010110101011000100
000000011000000001111001
000000011000011000111000
000000011001101101010101
000000011010000111000001
000000011011011000011101
000000011011110101011100
000000011101000011010101
000000011101100100000111
000000011110101101111101
000000011111010011000000
000000100000011000011001
000000100001000010000100
000000100010000010101011
000000100010110001001111
000000100011101100111000
000000100100100000011111
000000100101010111000010
000000100110001111110000
000000100111000001001100
000000100111111110111110
000000101000101011011011
000000101001101110000111
000000101010010101110001
000000101011011101000111
000000101100000000010001
000000101101001011111011
000000101101101010111111
000000101110111010100000
000000101111010101111100
000000110000101000110100
000000110001000001001100
000000110010010110110101
000000110010101100110001
000000110100000100100000
000000110100011000101011
000000110101110001110101
000000110110000100111100
000000110111011110110011
000000110111110001100101
000000111001001011011001
000000111001011110100101
000000111010110111100111
000000111011001011111101
000000111100100011011111
000000111100111001101011
000000111110001111000001
000000111110100111101101
000000111111111010001111
000001000000010110000100
000001000001100101001010
000001000010000100101011
000001000011001111110110
000001000011110011100001
000001000100111010010100
000001000101100010100011
000001000110100100101001
000001000111010001101101
000001001000001110110110
000001001001000000111101
000001001001111000111111
000001001010110000001111
000001001011100011001000
000001001100011111100000
000001001101001101010011
000001001110001110101100
000001001110110111100110
000001001111111101110000
000001010000100010000001
000001010001101100101001
000001010010001100101010
000001010011011011010011
000001010011110111100010
000001010101001001101110
000001010101100010101011
000001010110110111110101
000001010111001110001001
000001011000100101100111
000001011000111001111100
000001011010010011000011
000001011010100110000110
000001011100000000001000
000001011100010010100111
000001011101101100110110
000001011101111111100001
000001011111011001001011
000001011111101100110010
000001100001000101001001
000001100001011010011010
000001100010110000110001
000001100011001000010111
000001100100011100000011
000001100100110110101001
000001100110000111000011
000001100110100101001101
000001100111110001110010
000001101000010100000000
000001101001011100010010
000001101010000011000000
000001101011000110100111
000001101011110010001010
000001101100110000110100
000001101101100001011010
000001101110011010111101
000001101111010000101110
000001110000000101000011
000001110001000000000001
000001110001101111001100
000001110010101111010001
000001110011011001011010
000001110100011110011001
000001110101000011110001
000001110110001101011000
000001110110101110010100
000001110111111100001000
000001111000011001000101
000001111001101010101001
000001111010000100001000
000001111011011000111000
000001111011101111011110
000001111101000110110001
000001111101011011001010
000001111110110100010101
000001111111000111001100
000010000000100001100001
000010000000110011100110
000010000010001110010110
000010000010100000011001
000010000011111010110010
000010000100001101100011
000010000101100110110110
000010000101111011000101
000010000111010010100011
000010000111101000111110
000010001000111101111011
000010001001010111001011
000010001010101000111111
000010001011000101101011
000010001100010011110000
000010001100110100011100
000010001101111110010011
000010001110100011011011
000010001111101000101001
000010010000010010100100
000010010001010010110101
000010010010000001110110
000010010010111100111100
000010010011110001001011
000010010100100111000000
000010010101100000100010
000010010110010001000101
000010010111001111110110
000010010111111011001111
000010011000111111000011
000010011001100101100000
000010011010101110000111
000010011011001111111100
000010011100011100111111
000010011100111010100111
000010011110001011100111
000010011110100101100010
000010011111111001111101
000010100000010000110001
000010100001100111111110
000010100001111100010101
000010100011010101101010
000010100011101000001111
000010100101000010111110
000010100101010100100010
000010100110101111111010
000010100111000001001101
000010101000011100011101
000010101000101110010001
000010101010001000100111
000010101010011011101101
000010101011110100011010
000010101100001001100000
000010101101011111110111
000010101101110111101001
000010101111001010111110
000010101111100110000110
000010110000110101110011
000010110001010100110100
000010110010100000010111
000010110011000011110010
000010110100001010101101
000010110100110010111100
000010110101110100111001
000010110110100010001111
000010110111011110111101
000010111000010001100111
000010111001001000111110
000010111010000001000001
000010111010110010111111
000010111011110000011010
000010111100011101000100
000010111101011111101101
000010111110000111001111
000010111111001110111000
000010111111110001100100
000011000000111101110110
000011000001011100000111
000011000010101100100110
000011000011000110111011
000011000100011011000100
000011000100110010000001
000011000110001001001110
000011000110011101011101
000011000111110111000010
000011001000001001001111
000011001001100100011110
000011001001110101011010
000011001011010001100001
000011001011100001111101
000011001100111110001100
000011001101001110111010
000011001110101010011101
000011001110111100010000
000011010000010110010110
000011010000101001111101
000011010010000001110111
000011010010011000000010
000011010011101101000010
000011010100000110011100
000011010101010111111001
000011010101110101001001
000011010111000010011111
000011010111100100000110
000011011000101100110101
000011011001010011010000
000011011010010111000000
000011011011000010100101
000011011100000001000010
000011011100110010000000
000011011101101010111111
000011011110100001011111
000011011111010100111011
000011100000010000111101
000011100000111110111001
000011100010000000010110
000011100010101000111110
000011100011101111101000
000011100100010011001100
000011100101011110101111
000011100101111101100110
000011100111001101100111
000011100111101000010001
000011101000111100001110
000011101001010011001111
000011101010101010100001
000011101010111110100001
000011101100011000011101
000011101100101010001011
000011101110000110000010
000011101110010110001101
000011101111110011001110
000011110000000010101000
000011110001100000000000
000011110001101111011110
000011110011001100011000
000011110011011100101101
000011110100111000010111
000011110101001010010101
000011110110100011111101
000011110110111000010110
000011111000001111001100
000011111000100110101101
000011111001111010000101
000011111010010101011000
000011111011100100101100
000011111100000100010100
000011111101001111000010
000011111101110011100000
000011111110111001001011
000011111111100010110111
000100000000100011001010
000100000001010010010110
000100000010001101000011
000100000011000001111001
000100000011110110111001
000100000100110001011101
000100000101100000110001
000100000110100000111110
000100000111001010101101
000100001000010000011000
000100001000110100110011
000100001001111111101000
000100001010011111000101
000100001011101110101001
000100001100001001100110
000100001101011101011010
000100001101110100011001
000100001111001011110110
000100001111011111100010
000100010000111001111101
000100010001001011000010
000100010010100111101011
000100010010110110111011
000100010100010101000000
000100010100100011001110
000100010110000001111010
000100010110001111111100
000100010111101110011010
000100010111111101000100
000100011001011010011111
000100011001101010100111
000100011011000110001010
000100011011011000100011
000100011100110001011100
000100011101000110110111
000100011110011100011000
000100011110110101100000
000100100000000110111111
000100100000100100011101
000100100001110001010100
000100100010010011101010
000100100011011011011011
000100100100000011000100
000100100101000101010111
000100100101110010100111
000100100110101111001010
000100100111100010010001
000100101000011000111010
000100101001010001111100
000100101010000010101010
000100101011000001100101
000100101011101100011110
000100101100110001001000
000100101101010110011010
000100101110100000100001
000100101111000000100010
000100110000001111101101
000100110000101010111000
000100110001111110101000
000100110010010101100001
000100110011101101010000
000100110100000000011111
000100110101011011100001
000100110101101011110101
000100110111001001011010
000100110111010111100100
000100111000110110111000
000100111001000011101101
000100111010100011111011
000100111010110000010010
000100111100010000100011
000100111100011101010100
000100111101111100101110
000100111110001010110000
000100111111101000011111
000100111111111000101000
000101000001010011110101
000101000001100110111001
000101000010111110110011
000101000011010101100001
000101000100101001011010
000101000101000100011110
000101000110010011101110
000101000110110011101101
000101000111111101110010
000101001000100011001010
000101001001100111101001
000101001010010010110011
000101001011010001010111
000101001100000010100011
000101001100111010111111
000101001101110010010110
000101001110100100100111
000101001111100010001001
000101010000001110010001
000101010001010001110110
000101010001111000000010
000101010011000001011011
000101010011100001111110
000101010100110000110010
000101010101001100001001
000101010110011111111010
000101010110110110100110
000101011000001110101101
000101011000100001011000
000101011001111101001010
000101011010001100100001
000101011011101011001110
000101011011111000000101
000101011101011000111000
000101011101100100000100
000101011111000110000100
000101011111010000100001
000101100000110010110100
000101100000111101011010
000101100010011111000111
000101100010101010110000
000101100100001010111101
000101100100011000100011
000101100101110110010111
000101100110000110110001
000101100111100001010111
000101100111110101011000
000101101001001011111111
000101101001100100010101
000101101010110110010010
000101101011010011100111
000101101100100000010010
000101101101000011001001
000101101110001010000100
000101101110110010111000
000101101111110011101010
000101110000100010110000
000101110001011101001010
000101110010010010101101
000101110011000110100111
000101110100000010101010
000101110100110000000110
000101110101110010100011
000101110110011001101011
000101110111100010010100
000101111000000011011010
000101111001010001111001
000101111001101101010111
000101111011000001001110
000101111011010111100110
000101111100110000001111
000101111101000010001010
000101111110011110111010
000101111110101101000111
000110000000001101001011
000110000000011000011110
000110000001111011000000
000110000010000100010010
000110000011101000011000
000110000011110000100100
000110000101010101010001
000110000101011101010101
000110000111000001101100
000110000111001010100100
000110001000101101101000
000110001000111000010010
000110001010011001000110
000110001010100110011100
000110001100000100001000
000110001100010101000010
000110001101101110110000
000110001110000100000001
000110001111011001000000
000110001111110011010110
000110010001000010111100
000110010001100010111101
000110010010101100100111
000110010011010010110100
000110010100010110000110
000110010101000010110101
000110010101111111011011
000110010110110010111101
000110010111101000101101
000110011000100011000110
000110011001010001111110
000110011010010011001101
000110011010111011010101
000110011100000011001101
000110011100100100110101
000110011101110011000001
000110011110001110100011
000110011111100010100110
000110011111111000100010
000110100001010001110111
000110100001100010110111
000110100011000000110000
000110100011001101100101
000110100100101111010000
000110100100111000101110
000110100110011101010011
000110100110100100010101
000110101000001010110111
000110101000010000011011
000110101001110111111011
000110101001111101000010
000110101011100100011110
000110101011101010001001
000110101101010000100001
000110101101010111110001
000110101110111100000100
000110101111000101111001
000110110000100111001000
000110110000110100011110
000110110010010001110000
000110110010100011011110
000110110011111011111101
000110110100010010110111
000110110101100101110100
000110110110000010100101
000110110111001111011000
000110110111110010100100
000110111000111000101100
000110111001100010110000
000110111010100001110110
000110111011010011000101
000110111100001010111001
000110111101000011011101
000110111101110011111100
000110111110110011110100
000110111111011101000010
000111000000100100000101
000111000001000110010000
000111000010010100001011
000111000010101111101100
000111000100000100000010
000111000100011001011001
000111000101110011100101
000111000110000011011100
000111000111100010110000
000111000111101101111000
000111001001010001100001
000111001001011000110001
000111001010111111110011
000111001011000100001001
000111001100101101100110
000111001100110000000010
000111001110011010110110
000111001110011100011101
000111010000000111100100
000111010000001001011100
000111010001110011101110
000111010001110110111101
000111010011011111010110
000111010011100101000001
000111010101001010011100
000111010101010011100101
000111010110110101000011
000111010111000010101000
000111011000011111001101
000111011000110010000101
000111011010001000111110
000111011010100001111011
000111011011110010011000
000111011100010010000101
000111011101011011100000
000111011110000010011110
000111011111000100011100
000111011111110011000010
000111100000101101001111
000111100001100011101100
000111100010010101111111
000111100011010100010110
000111100011111110110001
000111100101000100111011
000111100101100111101011
000111100110110101010110
000111100111010000110001
000111101000100101100011
000111101000111010001001
000111101010010101011011
000111101010100011110110
000111101100000100111100
000111101100001101111110
000111101101110100000000
000111101101111000100100
000111101111100010100101
000111101111100011101010
000111110001010000101000
000111110001001111010011
000111110010111110000111
000111110010111011100010
000111110100101011000000
000111110100101000010110
000111110110010111010100
000111110110010101110000
000111111000000011000001
000111111000000011110000
000111111001101110001010
000111111001110010010011
000111111011011000110000
000111111011100001011000
000111111101000010110110
000111111101010000111100
000111111110101100011110
000111111111000000111100
001000000000010101101101
001000000000110001010010
001000000001111110101000
001000000010100001111011
001000000011100111010010
001000000100010010110010
001000000101001111110001
001000000110000011110000
001000000110111000001011
001000000111110100110001
001000001000100000100110
001000001001100101101111
001000001010001001000110
001000001011010110100100
001000001011110001110011
001000001101000111001010
001000001101011010110000
001000001110110111011100
001000001111000100000100
001000010000100111010110
001000010000101101110011
001000010010010110110010
001000010010011000000010
001000010100000101101110
001000010100000010110011
001000010101110100000101
001000010101101110001001
001000010111100001110101
001000010111011010001000
001000011001001110111101
001000011001000110110000
001000011010111011011011
001000011010110100000001
001000011100100111001111
001000011100100001111011
001000011110010010011011
001000011110010000011110
001000011111111101000000
001000011111111111100111
001000100001100111000000
001000100001101111010010
001000100011010000011110
001000100011011111011110
001000100100111001100000
001000100101010000000100
001000100110100010001000
001000100111000001000000
001000101000001010011101
001000101000110010001110
001000101001110010100100
001000101010100011100110
001000101011011010100011
001000101100010101000011
001000101101000010100001
001000101110000110011111
001000101110101010100011
001000101111110111110011
001000110000010010101111
001000110001101000111001
001000110001111011001101
001000110011011001101011
001000110011100100000001
001000110101001010000100
001000110101001101010010
001000110110111001111110
001000110110110111000011
001000111000101001010101
001000111000100001011010
001000111010011000000101
001000111010001100011010
001000111100000110001011
001000111011111000000101
001000111101110011100100
001000111101100100011101
001000111111100000001111
001000111111010001100011
001001000001001100001100
001001000000111111011000
001001000010110111011100
001001000010101101111010
001001000100100001111111
001001000100011101000111
001001000110001011111000
001001000110001100111100
001001000111110101001010
001001000111111101010110
001001001001011101111010
001001001001101110010000
001001001011000110001100
001001001011011111100101
001001001100101110000111
001001001101010001001111
001001001110010101101111
001001001111000011000111
001001001111111101001100
001001010000110101001000
001001010001100100100101
001001010010100111001010
001001010011001100000000
001001010100011001000101
001001010100110011100101
001001010110001010110100
001001010110011011011010
001001010111111100001110
001001011000000011100110
001001011001101101001110
001001011001101100010000
001001011011011101101110
001001011011010101011101
001001011101001101101000
001001011100111111010011
001001011110111100111000
001001011110101001110101
001001100000101011011001
001001100000010101000111
001001100010011001001000
001001100010000001001011
001001100100000110000101
001001100011101110000011
001001100101110010001101
001001100101011011110000
001001100111011101100001
001001100111001010010001
001001101001001000000001
001001101000111001100011
001001101010110001110010
001001101010101001100100
001001101100011010110101
001001101100011010010001
001001101110000011001110
001001101110001011100101
001001101111101011000100
001001101111111101011001
001001110001010010011101
001001110001101111101000
001001110010111001011110
001001110011100010001010
001001110100100000001111
001001110101010100111001
001001110110000110111000
001001110111000111101100
001001110111101101100000
001001111000111010011011
001001111001010100010001
001001111010101100111110
001001111010111011010001
001001111100011111001101
001001111100100010101001
001001111110010001000001
001001111110001010100000
001010000000000010010011
001001111111110010111101
001010000001110010111011
001010000001011100000110
001010000011100010110100
001010000011000110000001
001010000101010001111010
001010000100110000110001
001010000111000000001000
001010000110011100011011
001010001000101101011011
001010001000001001000000
001010001010011001110010
001010001001110110100010
001010001100000101001100
001010001011100101000000
001010001101101111101011
001010001101010100011001
001010001111011001010000
001010001111000100101011
001010010001000001111111
001010010000110101110000
001010010010101001111011
001010010010100111100101
001010010100010001001100
001010010100011010000011
001010010101110111110110
001010010110001101000100
001010010111011110000010
001010011000000000011110
001010011001000011111000
001010011001110100001011
001010011010101001100001
001010011011101000000000
001010011100001111000101
001010011101011011110101
001010011101110100101110
001010011111001111100000
001010011111011010100110
001010100001000010111000
001010100001000000110110
001010100010110101110011
001010100010100111100111
001010100100101000001001
001010100100001111000010
001010100110011001110010
001010100101110111001101
001010101000001010100101
001010100111100000010001
001010101001111010011110
001010101001001010010010
001010101011101001010111
001010101010110101010110
001010101101010111001011
001010101100100001011111
001010101111000011111000
001010101110001110110001
001010110000101111011101
001010101111111101001010
001010110010011001111010
001010110001101100101100
001010110100000011010001
001010110011011101010010
001010110101101011100100
001010110101001110111001
001010110111010010111001
001010110111000001011100
001010111000111001010101
001010111000110100110100
001010111010011110111111
001010111010101000111010
001010111100000100000001
001010111100011101100100
001010111101101000100011
001010111110010010101001
001010111111001100101111
001011000000000111111110
001011000000110000110001
001011000001111101010111
001011000010010100110100
001011000011110010101010
001011000011111001000011
001011000101100111101011
001011000101011101101010
001011000111011100001111
001011000111000010110100
001011001001010000001010
001011001000101000101011
001011001011000011010010
001011001010001111011011
001011001100110101011110
001011001011110111001011
001011001110100110100101
001011001101100000000101
001011010000010110011111
001011001111001010001101
001011010010000101000111
001011010000110101101011
001011010011110010011000
001011010010100010100001
001011010101011110010000
001011010100010000110001
001011010111001000101110
001011010110000000011011
001011011000110001110001
001011010111110001011110
001011011010011001011110
001011011001100011110101
001011011011111111111001
001011011011010111011011
001011011101100101001000
001011011101001100001010
001011011111001001010011
001011011111000001111000
001011100000101100100100
001011100000111000011011
001011100010001111000110
001011100010101111100111
001011100011110001000101
001011100100100111001111
001011100101010010101110
001011100110011111000111
001011100110110100001111
001011101000010110111110
001011101000010101110111
001011101010001110100111
001011101001110111110110
001011101100000101110011
001011101011011010011000
001011101101111100010011
001011101100111101101110
001011101111110001111010
001011101110100010000101
001011110001100110011000
001011110000000111101001
001011110011011001100011
001011110001101110100110
001011110101001011010000
001011110011010111000111
001011110110111011010100
001011110101000001010100
001011111000101001101001
001011110110101101010100
001011111010010110001001
001011111000011011001011
001011111100000000110000
001011111010001010111011
001011111101101001011110
001011111011111100100100
001011111111010000010100
001011111101110000000100
001100000000110101010101
001011111111100101010101
001100000010011000101000
001100000001011100010001
001100000011111010010110
001100000011010100101101
001100000101011010101001
001100000101001110011101
001100000110111001101110
001100000111001001010011
001100001000010111110101
001100001001000101000000
001100001001110101001111
001100001011000001010001
001100001011010010001101
001100001100111101110011
001100001100101111000011
001100001110111010010100
001100001110001100000111
001100010000110110011101
001100001111101001101011
001100010010110001111010
001100010001001000000111
001100010100101100010110
001100010010100111101101
001100010110100101011101
001100010100001000110100
001100011000011100111010
001100010101101011101101
001100011010010010011100
001100010111010000101010
001100011100000101110001
001100011000110111111100
001100011101110110101010
001100011010100001101111
001100011111100100111011
001100011100001110010001
001100100001010000011011
001100011101111101101000
001100100010111001000001
001100011111101111111010
001100100100011110101010
001100100001100101001010
001100100110000001010110
001100100011011101010111
001100100111100001000111
001100100101011000011100
001100101000111110000011
001100100111010110010001
001100101010011000010110
001100101001010110101001
001100101011110000001011
001100101011011001010111
001100101101000101110101
001100101101011110000110
001100101110011001101000
001100101111100100100001
001100101111101011111010
001100110001101100001111
001100110000111101001000
001100110011110100110011
001100110010001101101110
001100110101111101110000
001100110011011110001100
001100111000000110100101
001100110100101111000011
001100111010001110101110
001100110110000000110111
001100111100010101101001
001100110111010100001101
001100111110011010101111
001100111000101001101010
001101000000011101011010
001100111010000001110100
001101000010011101000101
001100111011011101010010
001101000100011001001001
001100111100111100101011
001101000110010000111111
001100111110100000100101
001101001000000100000001
001101000000001001100110
001101001001110001101000
001101000001111000010101
001101001011011001010000
001101000011101101010110
001101001100111010010001
001101000101101001010001
001101001110010100000100
001101000111101100101111
001101001111100110000000
001101001001111000011011
001101010000101111010110
001101001100001101000110
001101010001101111010000
001101001110101011101100
001101010010100100101110
001101010001010101010110
001101010011001110011001
001101010100001011100111
001101010011101010011101
001101010111010000101011
001101010011110110010011
001101011010100111101111
001101010011101101111100
001101011110010101110010
001101010011001011000011
001101100010100010111101
001101010010000010111100
001101100111011101100011
001101010000000010001011
001101101101100000101100
001101001100100001101010
001101110101100110101011
001101000110000110100001
001110000010000101101001
001100111000100100111001
001110011011010010001100
001100010000011000011001
001111111111111111111111
