000000000000000000000000
111111110010101011110100
111111100101010111110010
111111011000000100000100
111111001010110000110101
111110111101011110010000
111110110000001100011101
111110100010111011101000
111110010101101011111011
111110001000011101100000
111101111011010000100001
111101101110000101000111
111101100000111011011110
111101010011110011110000
111101000110101110000101
111100111001101010101001
111100101100101001100101
111100011111101011000011
111100010010101111001101
111100000101110110001101
111011111001000000001100
111011101100001101010100
111011011111011101101111
111011010010110001100110
111011000110001001000011
111010111001100100001111
111010101101000011010011
111010100000100110011001
111010010100001101101001
111010000111111001001110
111001111011101001001111
111001101111011101110110
111001100011010111001011
111001010111010101011000
111001001011011000100101
111000111111100000111010
111000110011101110011111
111000101000000001011110
111000011100011001111111
111000010000111000001000
111000000101011100000011
110111111010000101111000
110111101110110101101101
110111100011101011101011
110111011000100111111001
110111001101101010011111
110111000010110011100011
110110111000000011001110
110110101101011001100101
110110100010110110110000
110110011000011010110110
110110001110000101111101
110110000011111000001100
110101111001110001101000
110101101111110010011001
110101100101111010100100
110101011100001010001111
110101010010100001011111
110101001001000000011100
110100111111100111001001
110100110110010101101100
110100101101001100001011
110100100100001010101010
110100011011010001001110
110100010010011111111100
110100001001110110111001
110100000001010110001000
110011111000111101101110
110011110000101101110000
110011101000100110010000
110011100000100111010011
110011011000110000111100
110011010001000011001111
110011001001011110001110
110011000010000001111110
110010111010101110100000
110010110011100011111000
110010101100100010001001
110010100101101001010100
110010011110111001011011
110010011000010010100010
110010010001110100101001
110010001011011111110011
110010000101010100000001
110001111111010001010100
110001111001010111101110
110001110011100111010000
110001101101111111111011
110001101000100001101111
110001100011001100101101
110001011110000000110101
110001011000111110001000
110001010100000100100110
110001001111010100001110
110001001010101101000000
110001000110001110111100
110001000001111010000010
110000111101101110010000
110000111001101011100101
110000110101110010000001
110000110010000001100010
110000101110011010000111
110000101010111011101110
110000100111100110010101
110000100100011001111011
110000100001010110011110
110000011110011011111011
110000011011101010010000
110000011001000001011011
110000010110100001011000
110000010100001010000101
110000010001111011100000
110000001111110101100100
110000001101111000001111
110000001100000011011110
110000001010010111001100
110000001000110011010111
110000000111010111111010
110000000110000100110010
110000000100111001111001
110000000011110111001110
110000000010111100101001
110000000010001010001001
110000000001011111100111
110000000000111100111111
110000000000100010001100
110000000000001111001001
110000000000000011110010
110000000000000000000001
110000000000000011110000
110000000000001110111011
110000000000100001011100
110000000000111011001100
110000000001011100000111
110000000010000100000111
110000000010110011000101
110000000011101000111100
110000000100100101100101
110000000101101000111011
110000000110110010110110
110000001000000011010001
110000001001011010000101
110000001010110111001011
110000001100011010011110
110000001110000011110101
110000001111110011001011
110000010001101000011000
110000010011100011010110
110000010101100011111101
110000010111101010000111
110000011001110101101100
110000011100000110100110
110000011110011100101100
110000100000110111111000
110000100011011000000011
110000100101111101000101
110000101000100110110110
110000101011010101001111
110000101110001000001001
110000110000111111011100
110000110011111011000000
110000110110111010101111
110000111001111110100000
110000111101000110001011
110001000000010001101010
110001000011100000110100
110001000110110011100010
110001001010001001101011
110001001101100011001001
110001010000111111110100
110001010100011111100011
110001011000000010001111
110001011011100111110001
110001011111010000000001
110001100010111010110110
110001100110101000001010
110001101010010111110101
110001101110001001101110
110001110001111101101111
110001110101110011101111
110001111001101011100111
110001111101100101010000
110010000001100000100010
110010000101011101010110
110010001001011011100011
110010001101011011000011
110010010001011011101110
110010010101011101011101
110010011001100000001001
110010011101100011101001
110010100001100111111000
110010100101101100101101
110010101001110010000011
110010101101110111110001
110010110001111101110000
110010110110000011111011
110010111010001010001001
110010111110010000010101
110011000010010110010111
110011000110011100001000
110011001010100001100011
110011001110100110100000
110011010010101010111010
110011010110101110101010
110011011010110001101001
110011011110110011110001
110011100010110100111101
110011100110110101000110
110011101010110100000110
110011101110110001111000
110011110010101110010101
110011110110101001011001
110011111010100010111101
110011111110011010111100
110100000010010001010001
110100000110000101110110
110100001001111000100110
110100001101101001011100
110100010001011000010100
110100010101000101001000
110100011000101111110011
110100011100011000010010
110100011111111110011110
110100100011100010010101
110100100111000011110010
110100101010100010101111
110100101101111111001010
110100110001011000111111
110100110100110000001001
110100111000000100100101
110100111011010110001110
110100111110100101000011
110101000001110000111110
110101000100111001111110
110101000111111111111110
110101001011000010111100
110101001110000010110100
110101010000111111100101
110101010011111001001011
110101010110101111100011
110101011001100010101100
110101011100010010100011
110101011110111111000101
110101100001101000010001
110101100100001110000101
110101100110110000011111
110101101001001111011100
110101101011101010111101
110101101110000010111110
110101110000010111011111
110101110010101000011110
110101110100110101111011
110101110110111111110101
110101111001000110001001
110101111011001000111001
110101111101001000000010
110101111111000011100101
110110000000111011100001
110110000010101111110111
110110000100100000100100
110110000110001101101011
110110000111110111001010
110110001001011101000010
110110001010111111010011
110110001100011101111110
110110001101111001000011
110110001111010000100011
110110010000100100011110
110110010001110100110101
110110010011000001101010
110110010100001010111101
110110010101010000101111
110110010110010011000010
110110010111010001110111
110110011000001101010000
110110011001000101001101
110110011001111001110010
110110011010101010111111
110110011011011000110110
110110011100000011011001
110110011100101010101011
110110011101001110101101
110110011101101111100010
110110011110001101001100
110110011110100111101110
110110011110111111001001
110110011111010011100000
110110011111100100110111
110110011111110011001111
110110011111111110101100
110110100000000111010000
110110100000001100111111
110110100000001111111011
110110100000010000001000
110110100000001101101000
110110100000001000011111
110110100000000000110000
110110011111110110011111
110110011111101001101110
110110011111011010100010
110110011111001000111110
110110011110110101000101
110110011110011110111100
110110011110000110100101
110110011101101100000100
110110011101001111011110
110110011100110000110110
110110011100010000010000
110110011011101101110000
110110011011001001011010
110110011010100011010001
110110011001111011011010
110110011001010001111010
110110011000100110110011
110110010111111010001001
110110010111001100000011
110110010110011100100010
110110010101101011101100
110110010100111001100100
110110010100000110001111
110110010011010001110010
110110010010011100001111
110110010001100101101100
110110010000101110001101
110110001111110101110110
110110001110111100101011
110110001110000010110001
110110001101001000001011
110110001100001100111111
110110001011010001010000
110110001010010101000010
110110001001011000011011
110110001000011011011101
110110000111011110001101
110110000110100000110000
110110000101100011001010
110110000100100101011111
110110000011100111110010
110110000010101010001001
110110000001101100100111
110110000000101111010000
110101111111110010001000
110101111110110101010100
110101111101111000110111
110101111100111100110110
110101111100000001010011
110101111011000110010100
110101111010001011111100
110101111001010010001111
110101111000011001010000
110101110111100001000011
110101110110101001101101
110101110101110011010000
110101110100111101110000
110101110100001001010001
110101110011010101110110
110101110010100011100010
110101110001110010011010
110101110001000010100000
110101110000010011111000
110101101111100110100100
110101101110111010101001
110101101110010000001000
110101101101100111000110
110101101100111111100101
110101101100011001100111
110101101011110101010000
110101101011010010100011
110101101010110001100011
110101101010010010010001
110101101001110100110000
110101101001011001000100
110101101000111111001110
110101101000100111010000
110101101000010001001110
110101100111111101001001
110101100111101011000011
110101100111011010111111
110101100111001100111110
110101100111000001000010
110101100110110111001101
110101100110101111100010
110101100110101010000001
110101100110100110101100
110101100110100101100100
110101100110100110101100
110101100110101010000100
110101100110101111101110
110101100110110111101011
110101100111000001111100
110101100111001110100010
110101100111011101011110
110101100111101110110001
110101101000000010011100
110101101000011000011111
110101101000110000111011
110101101001001011110000
110101101001101001000000
110101101010001000101010
110101101010101010101111
110101101011001111001111
110101101011110110001010
110101101100011111100000
110101101101001011010010
110101101101111001011110
110101101110101010000110
110101101111011101001000
110101110000010010100100
110101110001001010011010
110101110010000100101010
110101110011000001010011
110101110100000000010011
110101110101000001101100
110101110110000101011011
110101110111001011100000
110101111000010011111010
110101111001011110101000
110101111010101011101000
110101111011111010111011
110101111101001100011110
110101111110100000010000
110101111111110110010000
110110000001001110011100
110110000010101000110100
110110000100000101010100
110110000101100011111101
110110000111000100101011
110110001000100111011110
110110001010001100010100
110110001011110011001010
110110001101011011111111
110110001111000110110000
110110010000110011011101
110110010010100010000010
110110010100010010011101
110110010110000100101101
110110010111111000101111
110110011001101110100001
110110011011100110000000
110110011101011111001010
110110011111011001111100
110110100001010110010101
110110100011010100010001
110110100101010011101110
110110100111010100101010
110110101001010111000001
110110101011011010110001
110110101101011111111000
110110101111100110010010
110110110001101101111101
110110110011110110110101
110110110110000000111001
110110111000001100000110
110110111010011000010111
110110111100100101101011
110110111110110011111110
110111000001000011001110
110111000011010011010111
110111000101100100010111
110111000111110110001010
110111001010001000101110
110111001100011011111110
110111001110101111111001
110111010001000100011100
110111010011011001100010
110111010101101111001001
110111011000000101001110
110111011010011011101110
110111011100110010100110
110111011111001001110010
110111100001100001010000
110111100011111000111100
110111100110010000110011
110111101000101000110010
110111101011000000110110
110111101101011000111100
110111101111110001000001
110111110010001001000010
110111110100100000111011
110111110110111000101010
110111111001010000001100
110111111011100111011101
110111111101111110011100
111000000000010101000011
111000000010101011010010
111000000101000001000100
111000000111010110010111
111000001001101011001001
111000001011111111010101
111000001110010010111010
111000010000100101110100
111000010010111000000001
111000010101001001011111
111000010111011010001010
111000011001101001111111
111000011011111000111101
111000011110000111000000
111000100000010100000110
111000100010100000001101
111000100100101011010001
111000100110110101010010
111000101000111110001011
111000101011000101111011
111000101101001100100000
111000101111010001111000
111000110001010101111111
111000110011011000110101
111000110101011010010110
111000110111011010100010
111000111001011001010101
111000111011010110101110
111000111101010010101011
111000111111001101001010
111001000001000110001010
111001000010111101101000
111001000100110011100011
111001000110100111111010
111001001000011010101010
111001001010001011110011
111001001011111011010010
111001001101101001000111
111001001111010101010000
111001010000111111101100
111001010010101000011010
111001010100001111011000
111001010101110100100101
111001010111011000000001
111001011000111001101010
111001011010011001100000
111001011011110111100010
111001011101010011101110
111001011110101110000100
111001100000000110100100
111001100001011101001101
111001100010110001111111
111001100100000100111000
111001100101010101111001
111001100110100101000001
111001100111110010010000
111001101000111101100110
111001101010000111000010
111001101011001110100101
111001101100010100001110
111001101101010111111110
111001101110011001110100
111001101111011001110010
111001110000010111110110
111001110001010100000010
111001110010001110010101
111001110011000110110001
111001110011111101010101
111001110100110010000010
111001110101100100111001
111001110110010101111010
111001110111000101000110
111001110111110010011111
111001111000011110000100
111001111001000111110110
111001111001101111110111
111001111010010110001000
111001111010111010101001
111001111011011101011100
111001111011111110100010
111001111100011101111100
111001111100111011101100
111001111101010111110010
111001111101110010010000
111001111110001011001000
111001111110100010011011
111001111110111000001010
111001111111001100010111
111001111111011111000101
111001111111110000010011
111010000000000000000101
111010000000001110011011
111010000000011011011001
111010000000100110111110
111010000000110001001110
111010000000111010001011
111010000001000001110110
111010000001001000010001
111010000001001101011110
111010000001010001011111
111010000001010100010111
111010000001010110001000
111010000001010110110100
111010000001010110011100
111010000001010101000100
111010000001010010101101
111010000001001111011001
111010000001001011001100
111010000001000110000111
111010000001000000001101
111010000000111001100000
111010000000110010000011
111010000000101001110111
111010000000100001000000
111010000000010111100000
111010000000001101011000
111010000000000010101101
111001111111110111100000
111001111111101011110100
111001111111011111101010
111001111111010011000111
111001111111000110001100
111001111110111000111100
111001111110101011011001
111001111110011101100111
111001111110001111100111
111001111110000001011100
111001111101110011001000
111001111101100100101111
111001111101010110010010
111001111101000111110101
111001111100111001011010
111001111100101011000011
111001111100011100110011
111001111100001110101100
111001111100000000110001
111001111011110011000101
111001111011100101101001
111001111011011000100001
111001111011001011101110
111001111010111111010100
111001111010110011010101
111001111010100111110010
111001111010011100101111
111001111010010010001110
111001111010001000010000
111001111001111110111010
111001111001110110001100
111001111001101110001000
111001111001100110110011
111001111001100000001100
111001111001011010010111
111001111001010101010110
111001111001010001001010
111001111001001101110111
111001111001001011011101
111001111001001010000000
111001111001001001100000
111001111001001010000000
111001111001001011100010
111001111001001110001000
111001111001010001110011
111001111001010110100110
111001111001011100100001
111001111001100011101000
111001111001101011111010
111001111001110101011011
111001111010000000001011
111001111010001100001100
111001111010011001100000
111001111010101000001000
111001111010111000000101
111001111011001001011001
111001111011011100000110
111001111011110000001011
111001111100000101101011
111001111100011100100111
111001111100110100111111
111001111101001110110110
111001111101101010001011
111001111110000111000000
111001111110100101010101
111001111111000101001101
111001111111100110100110
111010000000001001100011
111010000000101110000011
111010000001010100000111
111010000001111011110001
111010000010100101000000
111010000011001111110101
111010000011111100010001
111010000100101010010011
111010000101011001111100
111010000110001011001101
111010000110111110000101
111010000111110010100101
111010001000101000101101
111010001001100000011100
111010001010011001110011
111010001011010100110010
111010001100010001011001
111010001101001111100111
111010001110001111011100
111010001111010000111000
111010010000010011111011
111010010001011000100100
111010010010011110110011
111010010011100110100111
111010010100110000000000
111010010101111010111101
111010010111000111011101
111010011000010101100000
111010011001100101000110
111010011010110110001100
111010011100001000110011
111010011101011100111001
111010011110110010011110
111010100000001001100001
111010100001100010000000
111010100010111011111011
111010100100010111010000
111010100101110011111110
111010100111010010000100
111010101000110001100000
111010101010010010010010
111010101011110100011000
111010101101010111110001
111010101110111100011011
111010110000100010010101
111010110010001001011100
111010110011110001110001
111010110101011011010000
111010110111000101111001
111010111000110001101010
111010111010011110100001
111010111100001100011100
111010111101111011011010
111010111111101011011001
111011000001011100010110
111011000011001110010001
111011000101000001000111
111011000110110100110111
111011001000101001011101
111011001010011110111010
111011001100010101001010
111011001110001100001011
111011010000000011111011
111011010001111100011001
111011010011110101100011
111011010101101111010101
111011010111101001101111
111011011001100100101101
111011011011100000001111
111011011101011100010001
111011011111011000110001
111011100001010101101110
111011100011010011000101
111011100101010000110011
111011100111001110110111
111011101001001101001111
111011101011001011111000
111011101101001010110000
111011101111001001110100
111011110001001001000011
111011110011001000011010
111011110101000111110111
111011110111000111011000
111011111001000110111010
111011111011000110011100
111011111101000101111010
111011111111000101010011
111100000001000100100100
111100000011000011101100
111100000101000010101000
111100000111000001010101
111100001000111111110010
111100001010111101111101
111100001100111011110011
111100001110111001010010
111100010000110110010111
111100010010110011000010
111100010100101111001111
111100010110101010111101
111100011000100110001001
111100011010100000110010
111100011100011010110101
111100011110010100010001
111100100000001101000011
111100100010000101001001
111100100011111100100010
111100100101110011001100
111100100111101001000100
111100101001011110001001
111100101011010010011001
111100101101000101110010
111100101110111000010011
111100110000101001111001
111100110010011010100011
111100110100001010010000
111100110101111000111101
111100110111100110101010
111100111001010011010011
111100111010111110111001
111100111100101001011001
111100111110010010110011
111100111111111011000100
111101000001100010001011
111101000011001000000111
111101000100101100110110
111101000110010000011000
111101000111110010101011
111101001001010011101110
111101001010110011100000
111101001100010001111111
111101001101101111001011
111101001111001011000011
111101010000100101100101
111101010001111110110010
111101010011010110100111
111101010100101101000101
111101010110000010001001
111101010111010101110101
111101011000101000000110
111101011001111000111101
111101011011001000011001
111101011100010110011001
111101011101100010111101
111101011110101110000100
111101011111110111101110
111101100000111111111010
111101100010000110101001
111101100011001011111010
111101100100001111101101
111101100101010010000010
111101100110010010111001
111101100111010010010001
111101101000010000001011
111101101001001100100110
111101101010000111100100
111101101011000001000011
111101101011111001000101
111101101100101111101001
111101101101100100110000
111101101110011000011010
111101101111001010100111
111101101111111011011001
111101110000101010101111
111101110001011000101010
111101110010000101001010
111101110010110000010001
111101110011011001111110
111101110100000010010100
111101110100101001010001
111101110101001110111000
111101110101110011001001
111101110110010110000101
111101110110110111101101
111101110111011000000010
111101110111110111000101
111101111000010100110111
111101111000110001011001
111101111001001100101101
111101111001100110110011
111101111001111111101101
111101111010010111011100
111101111010101110000001
111101111011000011011110
111101111011010111110100
111101111011101011000101
111101111011111101010001
111101111100001110011100
111101111100011110100101
111101111100101101101111
111101111100111011111011
111101111101001001001011
111101111101010101100000
111101111101100000111100
111101111101101011100010
111101111101110101010010
111101111101111110001110
111101111110000110011000
111101111110001101110011
111101111110010100011111
111101111110011010011111
111101111110011111110100
111101111110100100100001
111101111110101000101000
111101111110101100001001
111101111110101111001000
111101111110110001100111
111101111110110011100110
111101111110110101001001
111101111110110110010001
111101111110110111000000
111101111110110111011001
111101111110110111011101
111101111110110111001111
111101111110110110110000
111101111110110110000011
111101111110110101001010
111101111110110100000111
111101111110110010111011
111101111110110001101001
111101111110110000010100
111101111110101110111101
111101111110101101100110
111101111110101100010001
111101111110101011000001
111101111110101001111000
111101111110101000110111
111101111110101000000001
111101111110100111011000
111101111110100110111110
111101111110100110110101
111101111110100110111111
111101111110100111011110
111101111110101000010100
111101111110101001100011
111101111110101011001101
111101111110101101010100
111101111110101111111011
111101111110110011000010
111101111110110110101100
111101111110111010111011
111101111110111111110001
111101111111000101001111
111101111111001011010111
111101111111010010001100
111101111111011001101111
111101111111100010000010
111101111111101011000110
111101111111110100111110
111101111111111111101011
111110000000001011001110
111110000000010111101001
111110000000100100111111
111110000000110011001111
111110000001000010011101
111110000001010010101010
111110000001100011110110
111110000001110110000100
111110000010001001010100
111110000010011101101001
111110000010110011000011
111110000011001001100100
111110000011100001001110
111110000011111010000000
111110000100010011111101
111110000100101111000110
111110000101001011011011
111110000101101000111111
111110000110000111110001
111110000110100111110011
111110000111001001000110
111110000111101011101010
111110001000001111100001
111110001000110100101011
111110001001011011001001
111110001010000010111100
111110001010101100000101
111110001011010110100100
111110001100000010011001
111110001100101111100101
111110001101011110001010
111110001110001110000110
111110001110111111011100
111110001111110010001010
111110010000100110010001
111110010001011011110010
111110010010010010101100
111110010011001011000001
111110010100000100110000
111110010100111111111000
111110010101111100011011
111110010110111010011000
111110010111111001101111
111110011000111010100000
111110011001111100101011
111110011011000000001111
111110011100000101001101
111110011101001011100011
111110011110010011010011
111110011111011100011010
111110100000100110111010
111110100001110010110001
111110100010111111111110
111110100100001110100010
111110100101011110011100
111110100110101111101011
111110101000000010001110
111110101001010110000100
111110101010101011001101
111110101100000001101000
111110101101011001010100
111110101110110010010000
111110110000001100011100
111110110001100111110101
111110110011000100011011
111110110100100010001110
111110110110000001001011
111110110111100001010010
111110111001000010100001
111110111010100100111000
111110111100001000010101
111110111101101100110110
111110111111010010011011
111111000000111001000001
111111000010100000101000
111111000100001001001111
111111000101110010110010
111111000111011101010010
111111001001001000101100
111111001010110100111111
111111001100100010001010
111111001110010000001010
111111001111111110111110
111111010001101110100101
111111010011011110111100
111111010101010000000010
111111010111000001110101
111111011000110100010100
111111011010100111011011
111111011100011011001011
111111011110001111100000
111111100000000100011010
111111100001111001110101
111111100011101111110001
111111100101100110001010
111111100111011101000000
111111101001010100010001
111111101011001011111001
111111101101000011111000
111111101110111100001100
111111110000110100110001
111111110010101101100111
111111110100100110101100
111111110110011111111100
111111111000011001010111
111111111010010010111010
111111111100001100100011
111111111110000110010001
000000000000000000000000
000000000001111001101111
000000000011110011011101
000000000101101101000110
000000000111100110101001
000000001001100000000100
000000001011011001010100
000000001101010010011001
000000001111001011001111
000000010001000011110100
000000010010111100001000
000000010100110100000111
000000010110101011101111
000000011000100011000000
000000011010011001110110
000000011100010000001111
000000011110000110001011
000000011111111011100110
000000100001110000100000
000000100011100100110101
000000100101011000100101
000000100111001011101100
000000101000111110001011
000000101010101111111110
000000101100100001000100
000000101110010001011011
000000110000000001000010
000000110001101111110110
000000110011011101110110
000000110101001011000001
000000110110110111010100
000000111000100010101110
000000111010001101001110
000000111011110110110001
000000111101011111011000
000000111111000110111111
000001000000101101100101
000001000010010011001010
000001000011110111101011
000001000101011011001000
000001000110111101011111
000001001000011110101110
000001001001111110110101
000001001011011101110010
000001001100111011100101
000001001110011000001011
000001001111110011100100
000001010001001101110000
000001010010100110101100
000001010011111110011000
000001010101010100110011
000001010110101001111100
000001010111111101110010
000001011001010000010101
000001011010100001100100
000001011011110001011110
000001011101000000000010
000001011110001101001111
000001011111011001000110
000001100000100011100110
000001100001101100101101
000001100010110100011101
000001100011111010110011
000001100100111111110001
000001100110000011010101
000001100111000101100000
000001101000000110010001
000001101001000101101000
000001101010000011100101
000001101011000000001000
000001101011111011010000
000001101100110100111111
000001101101101101010100
000001101110100100001110
000001101111011001101111
000001110000001101110110
000001110001000000100100
000001110001110001111010
000001110010100001110110
000001110011010000011011
000001110011111101100111
000001110100101001011100
000001110101010011111011
000001110101111101000100
000001110110100100110111
000001110111001011010101
000001110111110000011111
000001111000010100010110
000001111000110110111010
000001111001011000001101
000001111001111000001111
000001111010010111000001
000001111010110100100101
000001111011010000111010
000001111011101100000011
000001111100000110000000
000001111100011110110010
000001111100110110011100
000001111101001100111101
000001111101100010010111
000001111101110110101100
000001111110001001111100
000001111110011100001010
000001111110101101010110
000001111110111101100011
000001111111001100110001
000001111111011011000001
000001111111101000010111
000001111111110100110010
000010000000000000010101
000010000000001011000010
000010000000010100111010
000010000000011101111110
000010000000100110010001
000010000000101101110100
000010000000110100101001
000010000000111010110001
000010000001000000001111
000010000001000101000101
000010000001001001010100
000010000001001100111110
000010000001010000000101
000010000001010010101100
000010000001010100110011
000010000001010110011101
000010000001010111101100
000010000001011000100010
000010000001011001000001
000010000001011001001011
000010000001011001000010
000010000001011000101000
000010000001010111111111
000010000001010111001001
000010000001010110001000
000010000001010100111111
000010000001010011101111
000010000001010010011010
000010000001010001000011
000010000001001111101100
000010000001001110010111
000010000001001101000101
000010000001001011111001
000010000001001010110110
000010000001001001111101
000010000001001001010000
000010000001001000110001
000010000001001000100011
000010000001001000100111
000010000001001001000000
000010000001001001101111
000010000001001010110111
000010000001001100011010
000010000001001110011001
000010000001010000111000
000010000001010011110111
000010000001010111011000
000010000001011011011111
000010000001100000001100
000010000001100101100001
000010000001101011100001
000010000001110010001101
000010000001111001101000
000010000010000001110010
000010000010001010101110
000010000010010100011110
000010000010011111000100
000010000010101010100000
000010000010110110110101
000010000011000100000101
000010000011010010010001
000010000011100001011011
000010000011110001100100
000010000100000010101111
000010000100010100111011
000010000100101000001100
000010000100111100100010
000010000101010001111111
000010000101101000100100
000010000110000000010011
000010000110011001001101
000010000110110011010011
000010000111001110100111
000010000111101011001001
000010001000001000111011
000010001000100111111110
000010001001001000010011
000010001001101001111011
000010001010001100110111
000010001010110001001000
000010001011010110101111
000010001011111101101100
000010001100100110000010
000010001101001111101111
000010001101111010110110
000010001110100111010110
000010001111010101010001
000010010000000100100111
000010010000110101011001
000010010001100111100110
000010010010011011010000
000010010011010000010111
000010010100000110111011
000010010100111110111101
000010010101111000011100
000010010110110011011010
000010010111101111110101
000010011000101101101111
000010011001101101000111
000010011010101101111110
000010011011110000010011
000010011100110100000110
000010011101111001010111
000010011111000000000110
000010100000001000010010
000010100001010001111100
000010100010011101000011
000010100011101001100111
000010100100110111100111
000010100110000111000011
000010100111010111111010
000010101000101010001011
000010101001111101110111
000010101011010010111011
000010101100101001011001
000010101110000001001110
000010101111011010011011
000010110000110100111101
000010110010010000110101
000010110011101110000001
000010110101001100100000
000010110110101100010010
000010111000001101010101
000010111001101111101000
000010111011010011001010
000010111100110111111001
000010111110011101110101
000011000000000100111100
000011000001101101001101
000011000011010110100111
000011000101000001000111
000011000110101100101101
000011001000011001010110
000011001010000111000011
000011001011110101110000
000011001101100101011101
000011001111010110000111
000011010001000111101101
000011010010111010001110
000011010100101101100111
000011010110100001110111
000011011000010110111100
000011011010001100110100
000011011100000011011110
000011011101111010110111
000011011111110010111101
000011100001101011101111
000011100011100101001011
000011100101011111001110
000011100111011001110111
000011101001010101000011
000011101011010000110001
000011101101001100111110
000011101111001001101001
000011110001000110101110
000011110011000100001101
000011110101000010000011
000011110111000000001110
000011111000111110101011
000011111010111101011000
000011111100111100010100
000011111110111011011100
000100000000111010101101
000100000010111010000110
000100000100111001100100
000100000110111001000110
000100001000111000101000
000100001010111000001001
000100001100110111100110
000100001110110110111101
000100010000110110001100
000100010010110101010000
000100010100110100001000
000100010110110010110001
000100011000110001001001
000100011010101111001101
000100011100101100111011
000100011110101010010010
000100100000100111001111
000100100010100011101111
000100100100011111110001
000100100110011011010011
000100101000010110010001
000100101010010000101011
000100101100001010011101
000100101110000011100111
000100101111111100000101
000100110001110011110101
000100110011101010110110
000100110101100001000110
000100110111010110100011
000100111001001011001001
000100111010111110111001
000100111100110001101111
000100111110100011101010
000101000000010100100111
000101000010000100100110
000101000011110011100100
000101000101100001011111
000101000111001110010110
000101001000111010000111
000101001010100100110000
000101001100001110001111
000101001101110110100100
000101001111011101101011
000101010001000011100101
000101010010101000001111
000101010100001011101000
000101010101101101101110
000101010111001110100000
000101011000101101111100
000101011010001100000010
000101011011101000110000
000101011101000100000101
000101011110011110000000
000101011111110110011111
000101100001001101100010
000101100010100011000111
000101100011110111001101
000101100101001001110100
000101100110011010111010
000101100111101010100000
000101101000111000100011
000101101010000101000011
000101101011010000000000
000101101100011001011001
000101101101100001001101
000101101110100111011100
000101101111101100000101
000101110000101111001000
000101110001110000100100
000101110010110000011001
000101110011101110100111
000101110100101011001110
000101110101100110001101
000101110110011111100100
000101110111010111010011
000101111000001101011011
000101111001000001111011
000101111001110100110011
000101111010100110000100
000101111011010101101101
000101111100000011101111
000101111100110000001011
000101111101011011000000
000101111110000100001111
000101111110101011111001
000101111111010001111101
000101111111110110011101
000110000000011001011010
000110000000111010110011
000110000001011010101011
000110000001111001000000
000110000010010101110101
000110000010110001001010
000110000011001011000001
000110000011100011011001
000110000011111010010101
000110000100001111110101
000110000100100011111010
000110000100110110100111
000110000101000111111011
000110000101010111111000
000110000101100110100000
000110000101110011110100
000110000101111111110101
000110000110001010100101
000110000110010100000110
000110000110011100011000
000110000110100011011111
000110000110101001011010
000110000110101110001101
000110000110110001111000
000110000110110100011110
000110000110110110000000
000110000110110110100000
000110000110110110000000
000110000110110100100011
000110000110110010001001
000110000110101110110110
000110000110101010101010
000110000110100101101001
000110000110011111110100
000110000110011001001101
000110000110010001111000
000110000110001001110100
000110000110000001000110
000110000101110111110000
000110000101101101110010
000110000101100011010001
000110000101011000001110
000110000101001100101011
000110000101000000101100
000110000100110100010010
000110000100100111011111
000110000100011010010111
000110000100001100111011
000110000011111111001111
000110000011110001010100
000110000011100011001101
000110000011010100111101
000110000011000110100110
000110000010111000001011
000110000010101001101110
000110000010011011010001
000110000010001100111000
000110000001111110100100
000110000001110000011001
000110000001100010011001
000110000001010100100111
000110000001000111000100
000110000000111001110100
000110000000101100111001
000110000000100000010110
000110000000010100001100
000110000000001000100000
000101111111111101010011
000101111111110010101000
000101111111101000100000
000101111111011111000000
000101111111010110001001
000101111111001101111101
000101111111000110100000
000101111110111111110011
000101111110111001111001
000101111110110100110100
000101111110110000100111
000101111110101101010011
000101111110101010111100
000101111110101001100100
000101111110101001001100
000101111110101001111000
000101111110101011101001
000101111110101110100001
000101111110110010100010
000101111110110111101111
000101111110111110001010
000101111111000101110101
000101111111001110110010
000101111111011001000010
000101111111100100100111
000101111111110001100101
000101111111111111111011
000110000000001111101101
000110000000100000111011
000110000000110011101001
000110000001000111110110
000110000001011101100101
000110000001110100111000
000110000010001101110000
000110000010101000001110
000110000011000100010100
000110000011100010000100
000110000100000001011110
000110000100100010100100
000110000101000101010111
000110000101101001111000
000110000110010000001001
000110000110111000001010
000110000111100001111100
000110001000001101100001
000110001000111010111010
000110001001101010000110
000110001010011011000111
000110001011001101111110
000110001100000010101011
000110001100111001001111
000110001101110001101011
000110001110101011111110
000110001111101000001010
000110010000100110001110
000110010001100110001100
000110010010101000000010
000110010011101011110010
000110010100110001011011
000110010101111000111110
000110010111000010011010
000110011000001101110000
000110011001011010111111
000110011010101010000111
000110011011111011001000
000110011101001110000001
000110011110100010110011
000110011111111001011100
000110100001010001111100
000110100010101100010010
000110100100001000011110
000110100101100110100000
000110100111000110010110
000110101000100111111111
000110101010001011011011
000110101011110000101000
000110101101010111100110
000110101111000000010100
000110110000101010110000
000110110010010110111001
000110110100000100101110
000110110101110100001101
000110110111100101010110
000110111001011000000110
000110111011001100011101
000110111101000010011000
000110111110111001110110
000111000000110010110110
000111000010101101010101
000111000100101001010010
000111000110100110101011
000111001000100101011110
000111001010100101101010
000111001100100111001011
000111001110101010000001
000111010000101110001000
000111010010110011100000
000111010100111010000101
000111010111000001110101
000111011001001010101110
000111011011010100101111
000111011101011111110011
000111011111101011111010
000111100001111001000000
000111100100000111000011
000111100110010110000001
000111101000100101110110
000111101010110110100001
000111101101000111111111
000111101111011010001100
000111110001101101000110
000111110100000000101011
000111110110010100110111
000111111000101001101001
000111111010111110111100
000111111101010100101110
000111111111101010111101
001000000010000001100100
001000000100011000100011
001000000110101111110100
001000001001000111010110
001000001011011111000101
001000001101110110111110
001000010000001110111111
001000010010100111000100
001000010100111111001010
001000010111010111001110
001000011001101111001101
001000011100000111000100
001000011110011110110000
001000100000110110001110
001000100011001101011010
001000100101100100010010
001000100111111010110010
001000101010010000110111
001000101100100110011110
001000101110111011100100
001000110001010000000111
001000110011100100000010
001000110101110111010010
001000111000001001110110
001000111010011011101001
001000111100101100101001
001000111110111100110010
001001000001001100000010
001001000011011010010101
001001000101100111101001
001001000111110011111010
001001001001111111000111
001001001100001001001011
001001001110010010000011
001001010000011001101110
001001010010100000001000
001001010100100101001111
001001010110101000111111
001001011000101011010110
001001011010101100010010
001001011100101011101111
001001011110101001101011
001001100000100110000100
001001100010100000110110
001001100100011010000000
001001100110010001011111
001001101000000111010001
001001101001111011010011
001001101011101101100011
001001101101011101111110
001001101111001100100011
001001110000111001010000
001001110010100100000001
001001110100001100110110
001001110101110011101100
001001110111011000100010
001001111000111011010101
001001111010011100000011
001001111011111010101100
001001111101010111001100
001001111110110001100100
001010000000001001110000
001010000001011111110000
001010000010110011100010
001010000100000101000101
001010000101010100011000
001010000110100001011000
001010000111101100000110
001010001000110100100000
001010001001111010100101
001010001010111110010100
001010001011111111101101
001010001100111110101101
001010001101111011010110
001010001110110101100110
001010001111101101011100
001010010000100010111000
001010010001010101111010
001010010010000110100010
001010010010110100101110
001010010011100000100000
001010010100001001110110
001010010100110000110001
001010010101010101010001
001010010101110111010110
001010010110010111000000
001010010110110100010000
001010010111001111000101
001010010111100111100001
001010010111111101100100
001010011000010001001111
001010011000100010100010
001010011000110001011110
001010011000111110000100
001010011001001000010101
001010011001010000010010
001010011001010101111100
001010011001011001010100
001010011001011010011100
001010011001011001010100
001010011001010101111111
001010011001010000011110
001010011001001000110011
001010011000111110111110
001010011000110011000010
001010011000100101000001
001010011000010100111101
001010011000000010110111
001010010111101110110010
001010010111011000110000
001010010111000000110010
001010010110100110111100
001010010110001011010000
001010010101101101101111
001010010101001110011101
001010010100101101011101
001010010100001010110000
001010010011100110011001
001010010011000000011011
001010010010011000111010
001010010001101111111000
001010010001000101010111
001010010000011001011100
001010001111101100001000
001010001110111101100000
001010001110001101100110
001010001101011100011110
001010001100101010001010
001010001011110110101111
001010001011000010010000
001010001010001100110000
001010001001010110010011
001010001000011110111101
001010000111100110110000
001010000110101101110001
001010000101110100000100
001010000100111001101100
001010000011111110101101
001010000011000011001010
001010000010000111001001
001010000001001010101100
001010000000001101111000
001001111111010000110000
001001111110010011011001
001001111101010101110111
001001111100011000001110
001001111011011010100001
001001111010011100110110
001001111001011111010000
001001111000100001110011
001001110111100100100011
001001110110100111100101
001001110101101010111110
001001110100101110110000
001001110011110011000001
001001110010110111110101
001001110001111101001111
001001110001000011010101
001001110000001010001010
001001101111010001110011
001001101110011010010100
001001101101100011110001
001001101100101110001110
001001101011111001110001
001001101011000110011100
001001101010010100010100
001001101001100011011110
001001101000110011111101
001001101000000101110111
001001100111011001001101
001001100110101110000110
001001100110000100100110
001001100101011100101111
001001100100110110100110
001001100100010010010000
001001100011101111110000
001001100011001111001010
001001100010110000100010
001001100010010011111100
001001100001111001011011
001001100001100001000100
001001100001001010111011
001001100000110111000010
001001100000100101011110
001001100000010110010010
001001100000001001100001
001001011111111111010000
001001011111110111100001
001001011111110010011000
001001011111101111111000
001001011111110000000101
001001011111110011000001
001001011111111000110000
001001100000000001010100
001001100000001100110001
001001100000011011001001
001001100000101100100000
001001100001000000110111
001001100001011000010010
001001100001110010110100
001001100010010000011110
001001100010110001010011
001001100011010101010101
001001100011111100100111
001001100100100111001010
001001100101010101000001
001001100110000110001110
001001100110111010110011
001001100111110010110000
001001101000101110001001
001001101001101100111110
001001101010101111010001
001001101011110101000011
001001101100111110010110
001001101110001011001011
001001101111011011100010
001001110000101111011101
001001110010000110111101
001001110011100010000010
001001110101000000101101
001001110110100010111110
001001111000001000110110
001001111001110010010101
001001111011011111011100
001001111101010000001001
001001111111000100011111
001010000000111100011011
001010000010110111111110
001010000100110111000111
001010000110111001110111
001010001001000000001011
001010001011001010000101
001010001101010111100010
001010001111101000100001
001010010001111101000010
001010010100010101000011
001010010110110000100100
001010011001001111100001
001010011011110001111011
001010011110010111101111
001010100001000000111011
001010100011101101011101
001010100110011101010100
001010101001010000011101
001010101100000110110101
001010101111000000011011
001010110001111101001100
001010110100111101000100
001010111000000000000010
001010111011000110000010
001010111110001111000010
001011000001011010111101
001011000100101001110010
001011000111111011011011
001011001011001111110111
001011001110100111000001
001011010010000000110110
001011010101011101010001
001011011000111100001110
001011011100011101101011
001011100000000001100010
001011100011100111101110
001011100111010000001101
001011101010111010111000
001011101110100111101100
001011110010010110100100
001011110110000111011010
001011111001111010001010
001011111101101110101111
001100000001100101000100
001100000101011101000011
001100001001010110100111
001100001101010001101011
001100010001001110001000
001100010101001011111010
001100011001001010111010
001100011101001011000011
001100100001001100001111
001100100101001110010111
001100101001010001010110
001100101101010101000110
001100110001011001100000
001100110101011110011101
001100111001100011111000
001100111101101001101001
001101000001101111101011
001101000101110101110111
001101001001111100000101
001101001110000010010000
001101010010001000001111
001101010110001101111101
001101011010010011010011
001101011110011000001000
001101100010011100010111
001101100110011111110111
001101101010100010100011
001101101110100100010010
001101110010100100111101
001101110110100100011101
001101111010100010101010
001101111110011111011110
001110000010011010110000
001110000110010100011001
001110001010001100010001
001110001110000010010001
001110010001110110010010
001110010101101000001011
001110011001010111110110
001110011101000101001010
001110100000101111111111
001110100100011000001111
001110100111111101110001
001110101011100000011101
001110101111000000001100
001110110010011100110111
001110110101110110010101
001110111001001100011110
001110111100011111001100
001110111111101110010110
001111000010111001110101
001111000110000001100000
001111001001000101010001
001111001100000101000000
001111001111000000100100
001111010001110111110111
001111010100101010110001
001111010111011001001010
001111011010000010111011
001111011100100111111101
001111011111001000001000
001111100001100011010100
001111100011111001011010
001111100110001010010100
001111101000010101111001
001111101010011100000011
001111101100011100101010
001111101110010111101000
001111110000001100110101
001111110001111100001011
001111110011100101100010
001111110101001000110101
001111110110100101111011
001111110111111100101111
001111111001001101001010
001111111010010111000101
001111111011011010011011
001111111100010111000100
001111111101001100111011
001111111101111011111001
001111111110100011111001
001111111111000100110100
001111111111011110100100
001111111111110001000101
001111111111111100010000
001111111111111111111111
001111111111111100001110
001111111111110000110111
001111111111011101110100
001111111111000011000001
001111111110100000011001
001111111101110101110111
001111111101000011010111
001111111100001000110010
001111111011000110000111
001111111001111011001110
001111111000101000000110
001111110111001100101001
001111110101101000110100
001111110011111100100010
001111110010000111110001
001111110000001010011100
001111101110000100100000
001111101011110101111011
001111101001011110101000
001111100110111110100101
001111100100010101110000
001111100001100100000101
001111011110101001100010
001111011011100110000101
001111011000011001101011
001111010101000100010010
001111010001100101111001
001111001101111110011110
001111001010001101111111
001111000110010100011011
001111000010010001110000
001110111110000101111110
001110111001110001000100
001110110101010011000000
001110110000101011110010
001110101011111011011010
001110100111000001111000
001110100001111111001011
001110011100110011010011
001110010111011110010001
001110010010000000000101
001110001100011000110000
001110000110101000010010
001110000000101110101100
001101111010101011111111
001101110100100000001101
001101101110001011010111
001101100111101101011110
001101100001000110100101
001101011010010110101100
001101010011011101110111
001101001100011100001000
001101000101010001100000
001100111101111110000010
001100110110100001110010
001100101110111100110001
001100100111001111000100
001100011111011000101101
001100010111011001110000
001100001111010010010000
001100000111000010010010
001011111110101001111000
001011110110001001000111
001011101101100000000100
001011100100101110110010
001011011011110101010110
001011010010110011110101
001011001001101010010100
001011000000011000110111
001010110110111111100100
001010101101011110100001
001010100011110101110001
001010011010000101011100
001010010000001101100111
001010000110001110011000
001001111100000111110100
001001110001111010000011
001001100111100101001010
001001011101001001010000
001001010010100110011011
001001000111111100110010
001000111101001100011101
001000110010010101100001
001000100111011000000111
001000011100010100010101
001000010001001010010011
001000000101111010001000
000111111010100011111101
000111101111000111111000
000111100011100110000001
000111010111111110100010
000111001100010001100001
000111000000011111000110
000110110100100111011011
000110101000101010101000
000110011100101000110101
000110010000100010001010
000110000100010110110001
000101111000000110110010
000101101011110010010111
000101011111011001100111
000101010010111100101101
000101000110011011110001
000100111001110110111101
000100101101001110011010
000100100000100010010001
000100010011110010101100
000100000110111111110100
000011111010001001110011
000011101101010000110011
000011100000010100111101
000011010011010110011011
000011000110010101010111
000010111001010001111011
000010101100001100010000
000010011111000100100010
000010010001111010111001
000010000100101111011111
000001110111100010100000
000001101010010100000101
000001011101000100011000
000001001111110011100011
000001000010100001110000
000000110101001111001011
000000100111111011111100
000000011010101000001110
000000001101010100001100
