110000000000000000000001
110000000000000010000100
110000000000001000001110
110000000000010010011110
110000000000100000110100
110000000000110011001111
110000000001001001101101
110000000001100100001111
110000000010000010110010
110000000010100101010101
110000000011001011110110
110000000011110110010100
110000000100100100101011
110000000101010110111010
110000000110001100111111
110000000111000110110110
110000001000000100011101
110000001001000101110000
110000001010001010101100
110000001011010011001111
110000001100011111010011
110000001101101110110111
110000001111000001110101
110000010000011000001001
110000010001110001110000
110000010011001110100101
110000010100101110100100
110000010110010001101000
110000010111110111101101
110000011001100000101101
110000011011001100100100
110000011100111011001100
110000011110101100100001
110000100000100000011110
110000100010010110111101
110000100100001111111001
110000100110001011001100
110000101000001000110001
110000101010001000100011
110000101100001010011100
110000101110001110010111
110000110000010100001101
110000110010011011111010
110000110100100101010111
110000110110110000011111
110000111000111101001101
110000111011001011011011
110000111101011011000010
110000111111101011111111
110001000001111110001010
110001000100010001011111
110001000110100101111001
110001001000111011010001
110001001011010001100010
110001001101101000101000
110001010000000000011100
110001010010011000111010
110001010100110001111110
110001010111001011100000
110001011001100101011110
110001011011111111110010
110001011110011010011000
110001100000110101001010
110001100011010000000101
110001100101101011000100
110001101000000110000011
110001101010100000111110
110001101100111011110001
110001101111010110011001
110001110001110000110001
110001110100001010110110
110001110110100100100100
110001111000111101111001
110001111011010110110001
110001111101101111001010
110010000000000111000000
110010000010011110010010
110010000100110100111100
110010000111001010111100
110010001001100000010000
110010001011110100110110
110010001110001000101101
110010010000011011110010
110010010010101110000100
110010010100111111100010
110010010111010000001010
110010011001011111111100
110010011011101110110110
110010011101111100111000
110010100000001010000001
110010100010010110010001
110010100100100001100111
110010100110101100000011
110010101000110101100110
110010101010111110001111
110010101101000101111110
110010101111001100110101
110010110001010010110011
110010110011010111111001
110010110101011100001000
110010110111011111100000
110010111001100010000100
110010111011100011110011
110010111101100100101111
110010111111100100111001
110011000001100100010011
110011000011100010111110
110011000101100000111100
110011000111011110001110
110011001001011010110110
110011001011010110110110
110011001101010010010000
110011001111001101000101
110011010001000111011000
110011010011000001001011
110011010100111010011111
110011010110110011010110
110011011000101011110100
110011011010100011111001
110011011100011011101001
110011011110010011000101
110011100000001010010000
110011100010000001001011
110011100011110111111001
110011100101101110011101
110011100111100100111000
110011101001011011001100
110011101011010001011100
110011101101000111101010
110011101110111101111000
110011110000110100001000
110011110010101010011100
110011110100100000110111
110011110110010111011001
110011111000001110000110
110011111010000100111110
110011111011111100000101
110011111101110011011010
110011111111101011000001
110100000001100010111011
110100000011011011001001
110100000101010011101101
110100000111001100101000
110100001001000101111100
110100001010111111101010
110100001100111001110011
110100001110110100011001
110100010000101111011011
110100010010101010111100
110100010100100110111100
110100010110100011011100
110100011000100000011101
110100011010011101111110
110100011100011100000010
110100011110011010100111
110100100000011001110000
110100100010011001011010
110100100100011001101000
110100100110011010011001
110100101000011011101101
110100101010011101100100
110100101100011111111110
110100101110100010111010
110100110000100110011000
110100110010101010011001
110100110100101110111010
110100110110110011111101
110100111000111001100000
110100111010111111100010
110100111101000110000011
110100111111001101000010
110101000001010100011110
110101000011011100010111
110101000101100100101010
110101000111101101010111
110101001001110110011110
110101001011111111111100
110101001110001001110000
110101010000010011111010
110101010010011110011000
110101010100101001001001
110101010110110100001011
110101011000111111011101
110101011011001010111110
110101011101010110101100
110101011111100010100101
110101100001101110101001
110101100011111010110110
110101100110000111001010
110101101000010011100100
110101101010100000000011
110101101100101100100100
110101101110111001000111
110101110001000101101001
110101110011010010001011
110101110101011110101001
110101110111101011000011
110101111001110111011000
110101111100000011100101
110101111110001111101010
110110000000011011100110
110110000010100111010111
110110000100110010111011
110110000110111110010010
110110001001001001011011
110110001011010100010100
110110001101011110111100
110110001111101001010011
110110010001110011011000
110110010011111101001000
110110010110000110100101
110110011000001111101100
110110011010011000011110
110110011100100000111001
110110011110101000111101
110110100000110000101001
110110100010110111111101
110110100100111110111000
110110100111000101011010
110110101001001011100011
110110101011010001010010
110110101101010110101000
110110101111011011100100
110110110001100000000101
110110110011100100001101
110110110101100111111011
110110110111101011001111
110110111001101110001010
110110111011110000101011
110110111101110010110100
110110111111110100100011
110111000001110101111011
110111000011110110111010
110111000101110111100011
110111000111110111110101
110111001001110111110001
110111001011110111010111
110111001101110110101001
110111001111110101100111
110111010001110100010010
110111010011110010101011
110111010101110000110011
110111010111101110101010
110111011001101100010010
110111011011101001101100
110111011101100110111000
110111011111100011110111
110111100001100000101100
110111100011011101010110
110111100101011001110111
110111100111010110010000
110111101001010010100011
110111101011001110101111
110111101101001010110111
110111101111000110111100
110111110001000010111110
110111110010111110111111
110111110100111011000000
110111110110110111000010
110111111000110011000111
110111111010101111001110
110111111100101011011011
110111111110100111101101
111000000000100100000101
111000000010100000100101
111000000100011101001110
111000000110011010000001
111000001000010110111110
111000001010010100000110
111000001100010001011011
111000001110001110111110
111000010000001100101110
111000010010001010101110
111000010100001000111101
111000010110000111011100
111000011000000110001101
111000011010000101001111
111000011100000100100011
111000011110000100001010
111000100000000100000101
111000100010000100010011
111000100100000100110101
111000100110000101101011
111000101000000110110110
111000101010001000010110
111000101100001010001010
111000101110001100010101
111000110000001110110100
111000110010010001101000
111000110100010100110010
111000110110011000010001
111000111000011100000101
111000111010100000001110
111000111100100100101011
111000111110101001011101
111001000000101110100010
111001000010110011111100
111001000100111001101001
111001000110111111101000
111001001001000101111010
111001001011001100011101
111001001101010011010010
111001001111011010010111
111001010001100001101100
111001010011101001010000
111001010101110001000010
111001010111111001000011
111001011010000001010000
111001011100001001101001
111001011110010010001101
111001100000011010111100
111001100010100011110101
111001100100101100110110
111001100110110101111110
111001101000111111001110
111001101011001000100011
111001101101010001111101
111001101111011011011011
111001110001100100111100
111001110011101110011111
111001110101111000000011
111001111000000001100110
111001111010001011001001
111001111100010100101010
111001111110011110001000
111010000000100111100010
111010000010110000111000
111010000100111010001000
111010000111000011010001
111010001001001100010011
111010001011010101001100
111010001101011101111101
111010001111100110100011
111010010001101110111111
111010010011110111001111
111010010101111111010011
111010011000000111001010
111010011010001110110100
111010011100010110010000
111010011110011101011100
111010100000100100011010
111010100010101011001000
111010100100110001100101
111010100110110111110010
111010101000111101101110
111010101011000011011000
111010101101001000110000
111010101111001101110111
111010110001010010101011
111010110011010111001101
111010110101011011011101
111010110111011111011010
111010111001100011000100
111010111011100110011100
111010111101101001100001
111010111111101100010011
111011000001101110110100
111011000011110001000010
111011000101110010111110
111011000111110100101001
111011001001110110000010
111011001011110111001011
111011001101111000000010
111011001111111000101010
111011010001111001000010
111011010011111001001011
111011010101111001000101
111011010111111000110001
111011011001111000001111
111011011011110111100001
111011011101110110100111
111011011111110101100001
111011100001110100010000
111011100011110010110101
111011100101110001010001
111011100111101111100101
111011101001101101110000
111011101011101011110101
111011101101101001110100
111011101111100111101110
111011110001100101100011
111011110011100011010101
111011110101100001000101
111011110111011110110010
111011111001011100011111
111011111011011010001011
111011111101010111111001
111011111111010101101000
111100000001010011011010
111100000011010001001111
111100000101001111001001
111100000111001101001000
111100001001001011001100
111100001011001001011000
111100001101000111101010
111100001111000110000110
111100010001000100101010
111100010011000011011000
111100010101000010010000
111100010111000001010011
111100011001000000100010
111100011010111111111110
111100011100111111100110
111100011110111111011100
111100100000111111100000
111100100010111111110010
111100100101000000010011
111100100111000001000011
111100101001000010000011
111100101011000011010011
111100101101000100110011
111100101111000110100100
111100110001001000100101
111100110011001010111000
111100110101001101011011
111100110111010000001111
111100111001010011010101
111100111011010110101100
111100111101011010010011
111100111111011110001100
111101000001100010010110
111101000011100110110001
111101000101101011011100
111101000111110000010111
111101001001110101100011
111101001011111010111110
111101001110000000101000
111101010000000110100010
111101010010001100101010
111101010100010011000000
111101010110011001100100
111101011000100000010101
111101011010100111010011
111101011100101110011100
111101011110110101110001
111101100000111101010000
111101100011000100111010
111101100101001100101101
111101100111010100101001
111101101001011100101100
111101101011100100110111
111101101101101101001000
111101101111110101011111
111101110001111101111011
111101110100000110011011
111101110110001110111110
111101111000010111100011
111101111010100000001011
111101111100101000110011
111101111110110001011011
111110000000111010000010
111110000011000010100111
111110000101001011001011
111110000111010011101010
111110001001011100000110
111110001011100100011101
111110001101101100101111
111110001111110100111010
111110010001111100111101
111110010100000100111001
111110010110001100101101
111110011000010100010111
111110011010011011110111
111110011100100011001101
111110011110101010011000
111110100000110001010111
111110100010111000001001
111110100100111110101111
111110100111000101001000
111110101001001011010011
111110101011010001001111
111110101101010110111101
111110101111011100011100
111110110001100001101100
111110110011100110101100
111110110101101011011100
111110110111101111111100
111110111001110100001101
111110111011111000001100
111110111101111011111100
111110111111111111011011
111111000010000010101001
111111000100000101100111
111111000110001000010101
111111001000001010110010
111111001010001100111111
111111001100001110111100
111111001110010000101001
111111010000010010000111
111111010010010011010110
111111010100010100010110
111111010110010101000111
111111011000010101101010
111111011010010101111111
111111011100010110001000
111111011110010110000011
111111100000010101110011
111111100010010101010110
111111100100010100101111
111111100110010011111110
111111101000010011000010
111111101010010001111101
111111101100010000110000
111111101110001111011100
111111110000001110000000
111111110010001100011110
111111110100001010110110
111111110110001001001010
111111111000000111011001
111111111010000101100110
111111111100000011110000
111111111110000001111000
000000000000000000000000
000000000001111110001000
000000000011111100010000
000000000101111010011010
000000000111111000100111
000000001001110110110110
000000001011110101001010
000000001101110011100010
000000001111110010000000
000000010001110000100100
000000010011101111010000
000000010101101110000011
000000010111101100111110
000000011001101100000010
000000011011101011010001
000000011101101010101010
000000011111101010001101
000000100001101001111101
000000100011101001111000
000000100101101010000001
000000100111101010010110
000000101001101010111001
000000101011101011101010
000000101101101100101010
000000101111101101111001
000000110001101111010111
000000110011110001000100
000000110101110011000001
000000110111110101001110
000000111001110111101011
000000111011111010011001
000000111101111101010111
000001000000000000100101
000001000010000100000100
000001000100000111110100
000001000110001011110011
000001001000010000000100
000001001010010100100100
000001001100011001010100
000001001110011110010100
000001010000100011100100
000001010010101001000011
000001010100101110110001
000001010110110100101101
000001011000111010111000
000001011011000001010001
000001011101000111110111
000001011111001110101001
000001100001010101101000
000001100011011100110011
000001100101100100001001
000001100111101011101001
000001101001110011010011
000001101011111011000111
000001101110000011000011
000001110000001011000110
000001110010010011010001
000001110100011011100011
000001110110100011111010
000001111000101100010110
000001111010110100110101
000001111100111101011001
000001111111000101111110
000010000001001110100101
000010000011010111001101
000010000101011111110101
000010000111101000011101
000010001001110001000010
000010001011111001100101
000010001110000010000101
000010010000001010100001
000010010010010010111000
000010010100011011001001
000010010110100011010100
000010011000101011010111
000010011010110011010011
000010011100111011000110
000010011111000010110000
000010100001001010001111
000010100011010001100100
000010100101011000101101
000010100111011111101011
000010101001100110011100
000010101011101101000000
000010101101110011010110
000010101111111001011110
000010110001111111011000
000010110100000101000010
000010110110001010011101
000010111000001111101001
000010111010010100100100
000010111100011001001111
000010111110011101101010
000011000000100001110100
000011000010100101101101
000011000100101001010100
000011000110101100101011
000011001000101111110001
000011001010110010100101
000011001100110101001000
000011001110110111011011
000011010000111001011100
000011010010111011001101
000011010100111100101101
000011010110111101111101
000011011000111110111101
000011011010111111101101
000011011101000000001110
000011011111000000100000
000011100001000000100100
000011100011000000011010
000011100101000000000010
000011100110111111011110
000011101000111110101101
000011101010111101110000
000011101100111100101000
000011101110111011010110
000011110000111001111010
000011110010111000010110
000011110100110110101000
000011110110110100110100
000011111000110010111000
000011111010110000110111
000011111100101110110001
000011111110101100100110
000100000000101010011000
000100000010101000000111
000100000100100101110101
000100000110100011100001
000100001000100001001110
000100001010011110111011
000100001100011100101011
000100001110011010011101
000100010000011000010010
000100010010010110001100
000100010100010100001011
000100010110010010010000
000100011000010000011011
000100011010001110101111
000100011100001101001011
000100011110001011110000
000100100000001010011111
000100100010001001011001
000100100100001000011111
000100100110000111110001
000100101000000111001111
000100101010000110111011
000100101100000110110101
000100101110000110111110
000100110000000111010110
000100110010000111111110
000100110100001000110101
000100110110001001111110
000100111000001011010111
000100111010001101000010
000100111100001110111110
000100111110010001001100
000101000000010011101101
000101000010010110011111
000101000100011001100100
000101000110011100111100
000101001000100000100110
000101001010100100100011
000101001100101000110011
000101001110101101010101
000101010000110010001001
000101010010110111010000
000101010100111100101000
000101010111000010010010
000101011001001000001110
000101011011001110011011
000101011101010100111000
000101011111011011100110
000101100001100010100100
000101100011101001110000
000101100101110001001100
000101100111111000110110
000101101010000000101101
000101101100001000110001
000101101110010001000001
000101110000011001011101
000101110010100010000011
000101110100101010110100
000101110110110011101101
000101111000111100101111
000101111011000101111000
000101111101001111001000
000101111111011000011110
000110000001100001111000
000110000011101011010110
000110000101110100110111
000110000111111110011010
000110001010000111111101
000110001100010001100001
000110001110011011000100
000110010000100100100101
000110010010101110000011
000110010100110111011101
000110010111000000110010
000110011001001010000010
000110011011010011001010
000110011101011100001011
000110011111100101000100
000110100001101101110011
000110100011110110010111
000110100101111110110000
000110101000000110111101
000110101010001110111110
000110101100010110110000
000110101110011110010100
000110110000100101101001
000110110010101100101110
000110110100110011100011
000110110110111010000110
000110111001000000011000
000110111011000110010111
000110111101001100000100
000110111111010001011110
000111000001010110100011
000111000011011011010101
000111000101011111110010
000111000111100011111011
000111001001100111101111
000111001011101011001110
000111001101101110011000
000111001111110001001100
000111010001110011101011
000111010011110101110110
000111010101110111101010
000111010111111001001010
000111011001111010010101
000111011011111011001011
000111011101111011101101
000111011111111011111011
000111100001111011110110
000111100011111011011101
000111100101111010110001
000111100111111001110011
000111101001111000100100
000111101011110111000011
000111101101110101010010
000111101111110011010010
000111110001110001000010
000111110011101110100101
000111110101101011111010
000111110111101001000010
000111111001100101111111
000111111011100010110010
000111111101011111011011
000111111111011011111011
001000000001011000010011
001000000011010100100101
001000000101010000110010
001000000111001100111001
001000001001001000111110
001000001011000101000000
001000001101000001000001
001000001110111101000010
001000010000111001000100
001000010010110101001001
001000010100110001010001
001000010110101101011101
001000011000101001110000
001000011010100110001001
001000011100100010101010
001000011110011111010100
001000100000011100001001
001000100010011001001000
001000100100010110010100
001000100110010011101110
001000101000010001010110
001000101010001111001101
001000101100001101010101
001000101110001011101110
001000110000001010011001
001000110010001001010111
001000110100001000101001
001000110110001000001111
001000111000001000001011
001000111010001000011101
001000111100001001000110
001000111110001010000101
001001000000001011011101
001001000010001101001100
001001000100001111010101
001001000110010001110110
001001001000010100110001
001001001010011000000101
001001001100011011110011
001001001110011111111011
001001010000100100011100
001001010010101001011000
001001010100101110101110
001001010110110100011101
001001011000111010100110
001001011011000001001000
001001011101001000000011
001001011111001111010111
001001100001010111000011
001001100011011111000111
001001100101100111100010
001001100111110000010100
001001101001111001011011
001001101100000010111000
001001101110001100101000
001001110000010110101101
001001110010100001000100
001001110100101011101100
001001110110110110100101
001001111001000001101110
001001111011001101000101
001001111101011000101001
001001111111100100011010
001010000001110000010110
001010000011111100011011
001010000110001000101000
001010001000010100111101
001010001010100001010111
001010001100101101110101
001010001110111010010111
001010010001000110111001
001010010011010011011100
001010010101011111111101
001010010111101100011100
001010011001111000110110
001010011100000101001010
001010011110010001010111
001010100000011101011011
001010100010101001010100
001010100100110101000010
001010100111000000100011
001010101001001011110101
001010101011010110110111
001010101101100001101000
001010101111101100000110
001010110001110110010000
001010110100000000000100
001010110110001001100010
001010111000010010101001
001010111010011011010110
001010111100100011101001
001010111110101011100010
001011000000110010111110
001011000010111001111101
001011000101000000011110
001011000111000110100000
001011001001001100000011
001011001011010001000110
001011001101010101100111
001011001111011001101000
001011010001011101000110
001011010011100000000010
001011010101100010011100
001011010111100100010011
001011011001100101100111
001011011011100110011000
001011011101100110100110
001011011111100110010000
001011100001100101011001
001011100011100011111110
001011100101100010000010
001011100111011111100011
001011101001011100100100
001011101011011001000100
001011101101010101000100
001011101111010000100101
001011110001001011100111
001011110011000110001101
001011110101000000010110
001011110110111010000100
001011111000110011011000
001011111010101100010011
001011111100100100110111
001011111110011101000101
001100000000010100111111
001100000010001100100110
001100000100000011111011
001100000101111011000010
001100000111110001111010
001100001001101000100111
001100001011011111001001
001100001101010101100100
001100001111001011111000
001100010001000010001000
001100010010111000010110
001100010100101110100100
001100010110100100110100
001100011000011011001000
001100011010010001100011
001100011100001000000111
001100011101111110110101
001100011111110101110000
001100100001101100111011
001100100011100100010111
001100100101011100000111
001100100111010100001100
001100101001001100101010
001100101011000101100001
001100101100111110110101
001100101110111000101000
001100110000110010111011
001100110010101101110000
001100110100101001001010
001100110110100101001010
001100111000100001110010
001100111010011111000100
001100111100011101000010
001100111110011011101101
001101000000011011000111
001101000010011011010001
001101000100011100001101
001101000110011101111100
001101001000100000100000
001101001010100011111000
001101001100101000000111
001101001110101101001101
001101010000110011001011
001101010010111010000010
001101010101000001110001
001101010111001010011010
001101011001010011111101
001101011011011110011001
001101011101101001101111
001101011111110101111111
001101100010000011001000
001101100100010001001010
001101100110100000000100
001101101000101111110110
001101101011000000011110
001101101101010001111100
001101101111100100001110
001101110001110111010011
001101110100001011001010
001101110110011111110000
001101111000110101000100
001101111011001011000100
001101111101100001101110
001101111111111001000000
001110000010010000110110
001110000100101001001111
001110000111000010000111
001110001001011011011100
001110001011110101001010
001110001110001111001111
001110010000101001100111
001110010011000100001111
001110010101011111000010
001110010111111001111101
001110011010010100111100
001110011100101111111011
001110011111001010110110
001110100001100101101000
001110100100000000001110
001110100110011010100010
001110101000110100100000
001110101011001110000010
001110101101100111000110
001110101111111111100100
001110110010010111011000
001110110100101110011110
001110110111000100101111
001110111001011010000111
001110111011101110100001
001110111110000001110110
001111000000010100000001
001111000010100100111110
001111000100110100100101
001111000111000010110011
001111001001001111100001
001111001011011010101001
001111001101100100000110
001111001111101011110011
001111010001110001101001
001111010011110101100100
001111010101110111011101
001111010111110111001111
001111011001110100110100
001111011011110000000111
001111011101101001000011
001111011111011111100010
001111100001010011011111
001111100011000100110100
001111100100110011011100
001111100110011111010011
001111101000001000010011
001111101001101110011000
001111101011010001011100
001111101100110001011011
001111101110001110010000
001111101111100111110111
001111110000111110001011
001111110010010001001001
001111110011100000101101
001111110100101100110001
001111110101110101010100
001111110110111010010000
001111110111111011100011
001111111000111001001010
001111111001110011000001
001111111010101001000110
001111111011011011010101
001111111100001001101100
001111111100110100001010
001111111101011010101011
001111111101111101001110
001111111110011011110001
001111111110110110010011
001111111111001100110001
001111111111011111001100
001111111111101101100010
001111111111110111110010
001111111111111101111100
001111111111111111111111
001111111111111101111100
001111111111110111110010
001111111111101101100010
001111111111011111001100
001111111111001100110001
001111111110110110010011
001111111110011011110001
001111111101111101001110
001111111101011010101011
001111111100110100001010
001111111100001001101100
001111111011011011010101
001111111010101001000110
001111111001110011000001
001111111000111001001010
001111110111111011100011
001111110110111010010000
001111110101110101010100
001111110100101100110001
001111110011100000101101
001111110010010001001001
001111110000111110001011
001111101111100111110111
001111101110001110010000
001111101100110001011011
001111101011010001011100
001111101001101110011000
001111101000001000010011
001111100110011111010011
001111100100110011011100
001111100011000100110100
001111100001010011011111
001111011111011111100010
001111011101101001000011
001111011011110000000111
001111011001110100110100
001111010111110111001111
001111010101110111011101
001111010011110101100100
001111010001110001101001
001111001111101011110011
001111001101100100000110
001111001011011010101001
001111001001001111100001
001111000111000010110011
001111000100110100100101
001111000010100100111110
001111000000010100000001
001110111110000001110110
001110111011101110100001
001110111001011010000111
001110110111000100101111
001110110100101110011110
001110110010010111011000
001110101111111111100100
001110101101100111000110
001110101011001110000010
001110101000110100100000
001110100110011010100010
001110100100000000001110
001110100001100101101000
001110011111001010110110
001110011100101111111011
001110011010010100111100
001110010111111001111101
001110010101011111000010
001110010011000100001111
001110010000101001100111
001110001110001111001111
001110001011110101001010
001110001001011011011100
001110000111000010000111
001110000100101001001111
001110000010010000110110
001101111111111001000000
001101111101100001101110
001101111011001011000100
001101111000110101000100
001101110110011111110000
001101110100001011001010
001101110001110111010011
001101101111100100001110
001101101101010001111100
001101101011000000011110
001101101000101111110110
001101100110100000000100
001101100100010001001010
001101100010000011001000
001101011111110101111111
001101011101101001101111
001101011011011110011001
001101011001010011111101
001101010111001010011010
001101010101000001110001
001101010010111010000010
001101010000110011001011
001101001110101101001101
001101001100101000000111
001101001010100011111000
001101001000100000100000
001101000110011101111100
001101000100011100001101
001101000010011011010001
001101000000011011000111
001100111110011011101101
001100111100011101000010
001100111010011111000100
001100111000100001110010
001100110110100101001010
001100110100101001001010
001100110010101101110000
001100110000110010111011
001100101110111000101000
001100101100111110110101
001100101011000101100001
001100101001001100101010
001100100111010100001100
001100100101011100000111
001100100011100100010111
001100100001101100111011
001100011111110101110000
001100011101111110110101
001100011100001000000111
001100011010010001100011
001100011000011011001000
001100010110100100110100
001100010100101110100100
001100010010111000010110
001100010001000010001000
001100001111001011111000
001100001101010101100100
001100001011011111001001
001100001001101000100111
001100000111110001111010
001100000101111011000010
001100000100000011111011
001100000010001100100110
001100000000010100111111
001011111110011101000101
001011111100100100110111
001011111010101100010011
001011111000110011011000
001011110110111010000100
001011110101000000010110
001011110011000110001101
001011110001001011100111
001011101111010000100101
001011101101010101000100
001011101011011001000100
001011101001011100100100
001011100111011111100011
001011100101100010000010
001011100011100011111110
001011100001100101011001
001011011111100110010000
001011011101100110100110
001011011011100110011000
001011011001100101100111
001011010111100100010011
001011010101100010011100
001011010011100000000010
001011010001011101000110
001011001111011001101000
001011001101010101100111
001011001011010001000110
001011001001001100000011
001011000111000110100000
001011000101000000011110
001011000010111001111101
001011000000110010111110
001010111110101011100010
001010111100100011101001
001010111010011011010110
001010111000010010101001
001010110110001001100010
001010110100000000000100
001010110001110110010000
001010101111101100000110
001010101101100001101000
001010101011010110110111
001010101001001011110101
001010100111000000100011
001010100100110101000010
001010100010101001010100
001010100000011101011011
001010011110010001010111
001010011100000101001010
001010011001111000110110
001010010111101100011100
001010010101011111111101
001010010011010011011100
001010010001000110111001
001010001110111010010111
001010001100101101110101
001010001010100001010111
001010001000010100111101
001010000110001000101000
001010000011111100011011
001010000001110000010110
001001111111100100011010
001001111101011000101001
001001111011001101000101
001001111001000001101110
001001110110110110100101
001001110100101011101100
001001110010100001000100
001001110000010110101101
001001101110001100101000
001001101100000010111000
001001101001111001011011
001001100111110000010100
001001100101100111100010
001001100011011111000111
001001100001010111000011
001001011111001111010111
001001011101001000000011
001001011011000001001000
001001011000111010100110
001001010110110100011101
001001010100101110101110
001001010010101001011000
001001010000100100011100
001001001110011111111011
001001001100011011110011
001001001010011000000101
001001001000010100110001
001001000110010001110110
001001000100001111010101
001001000010001101001100
001001000000001011011101
001000111110001010000101
001000111100001001000110
001000111010001000011101
001000111000001000001011
001000110110001000001111
001000110100001000101001
001000110010001001010111
001000110000001010011001
001000101110001011101110
001000101100001101010101
001000101010001111001101
001000101000010001010110
001000100110010011101110
001000100100010110010100
001000100010011001001000
001000100000011100001001
001000011110011111010100
001000011100100010101010
001000011010100110001001
001000011000101001110000
001000010110101101011101
001000010100110001010001
001000010010110101001001
001000010000111001000100
001000001110111101000010
001000001101000001000001
001000001011000101000000
001000001001001000111110
001000000111001100111001
001000000101010000110010
001000000011010100100101
001000000001011000010011
000111111111011011111011
000111111101011111011011
000111111011100010110010
000111111001100101111111
000111110111101001000010
000111110101101011111010
000111110011101110100101
000111110001110001000010
000111101111110011010010
000111101101110101010010
000111101011110111000011
000111101001111000100100
000111100111111001110011
000111100101111010110001
000111100011111011011101
000111100001111011110110
000111011111111011111011
000111011101111011101101
000111011011111011001011
000111011001111010010101
000111010111111001001010
000111010101110111101010
000111010011110101110110
000111010001110011101011
000111001111110001001100
000111001101101110011000
000111001011101011001110
000111001001100111101111
000111000111100011111011
000111000101011111110010
000111000011011011010101
000111000001010110100011
000110111111010001011110
000110111101001100000100
000110111011000110010111
000110111001000000011000
000110110110111010000110
000110110100110011100011
000110110010101100101110
000110110000100101101001
000110101110011110010100
000110101100010110110000
000110101010001110111110
000110101000000110111101
000110100101111110110000
000110100011110110010111
000110100001101101110011
000110011111100101000100
000110011101011100001011
000110011011010011001010
000110011001001010000010
000110010111000000110010
000110010100110111011101
000110010010101110000011
000110010000100100100101
000110001110011011000100
000110001100010001100001
000110001010000111111101
000110000111111110011010
000110000101110100110111
000110000011101011010110
000110000001100001111000
000101111111011000011110
000101111101001111001000
000101111011000101111000
000101111000111100101111
000101110110110011101101
000101110100101010110100
000101110010100010000011
000101110000011001011101
000101101110010001000001
000101101100001000110001
000101101010000000101101
000101100111111000110110
000101100101110001001100
000101100011101001110000
000101100001100010100100
000101011111011011100110
000101011101010100111000
000101011011001110011011
000101011001001000001110
000101010111000010010010
000101010100111100101000
000101010010110111010000
000101010000110010001001
000101001110101101010101
000101001100101000110011
000101001010100100100011
000101001000100000100110
000101000110011100111100
000101000100011001100100
000101000010010110011111
000101000000010011101101
000100111110010001001100
000100111100001110111110
000100111010001101000010
000100111000001011010111
000100110110001001111110
000100110100001000110101
000100110010000111111110
000100110000000111010110
000100101110000110111110
000100101100000110110101
000100101010000110111011
000100101000000111001111
000100100110000111110001
000100100100001000011111
000100100010001001011001
000100100000001010011111
000100011110001011110000
000100011100001101001011
000100011010001110101111
000100011000010000011011
000100010110010010010000
000100010100010100001011
000100010010010110001100
000100010000011000010010
000100001110011010011101
000100001100011100101011
000100001010011110111011
000100001000100001001110
000100000110100011100001
000100000100100101110101
000100000010101000000111
000100000000101010011000
000011111110101100100110
000011111100101110110001
000011111010110000110111
000011111000110010111000
000011110110110100110100
000011110100110110101000
000011110010111000010110
000011110000111001111010
000011101110111011010110
000011101100111100101000
000011101010111101110000
000011101000111110101101
000011100110111111011110
000011100101000000000010
000011100011000000011010
000011100001000000100100
000011011111000000100000
000011011101000000001110
000011011010111111101101
000011011000111110111101
000011010110111101111101
000011010100111100101101
000011010010111011001101
000011010000111001011100
000011001110110111011011
000011001100110101001000
000011001010110010100101
000011001000101111110001
000011000110101100101011
000011000100101001010100
000011000010100101101101
000011000000100001110100
000010111110011101101010
000010111100011001001111
000010111010010100100100
000010111000001111101001
000010110110001010011101
000010110100000101000010
000010110001111111011000
000010101111111001011110
000010101101110011010110
000010101011101101000000
000010101001100110011100
000010100111011111101011
000010100101011000101101
000010100011010001100100
000010100001001010001111
000010011111000010110000
000010011100111011000110
000010011010110011010011
000010011000101011010111
000010010110100011010100
000010010100011011001001
000010010010010010111000
000010010000001010100001
000010001110000010000101
000010001011111001100101
000010001001110001000010
000010000111101000011101
000010000101011111110101
000010000011010111001101
000010000001001110100101
000001111111000101111110
000001111100111101011001
000001111010110100110101
000001111000101100010110
000001110110100011111010
000001110100011011100011
000001110010010011010001
000001110000001011000110
000001101110000011000011
000001101011111011000111
000001101001110011010011
000001100111101011101001
000001100101100100001001
000001100011011100110011
000001100001010101101000
000001011111001110101001
000001011101000111110111
000001011011000001010001
000001011000111010111000
000001010110110100101101
000001010100101110110001
000001010010101001000011
000001010000100011100100
000001001110011110010100
000001001100011001010100
000001001010010100100100
000001001000010000000100
000001000110001011110011
000001000100000111110100
000001000010000100000100
000001000000000000100101
000000111101111101010111
000000111011111010011001
000000111001110111101011
000000110111110101001110
000000110101110011000001
000000110011110001000100
000000110001101111010111
000000101111101101111001
000000101101101100101010
000000101011101011101010
000000101001101010111001
000000100111101010010110
000000100101101010000001
000000100011101001111000
000000100001101001111101
000000011111101010001101
000000011101101010101010
000000011011101011010001
000000011001101100000010
000000010111101100111110
000000010101101110000011
000000010011101111010000
000000010001110000100100
000000001111110010000000
000000001101110011100010
000000001011110101001010
000000001001110110110110
000000000111111000100111
000000000101111010011010
000000000011111100010000
000000000001111110001000
000000000000000000000000
111111111110000001111000
111111111100000011110000
111111111010000101100110
111111111000000111011001
111111110110001001001010
111111110100001010110110
111111110010001100011110
111111110000001110000000
111111101110001111011100
111111101100010000110000
111111101010010001111101
111111101000010011000010
111111100110010011111110
111111100100010100101111
111111100010010101010110
111111100000010101110011
111111011110010110000011
111111011100010110001000
111111011010010101111111
111111011000010101101010
111111010110010101000111
111111010100010100010110
111111010010010011010110
111111010000010010000111
111111001110010000101001
111111001100001110111100
111111001010001100111111
111111001000001010110010
111111000110001000010101
111111000100000101100111
111111000010000010101001
111110111111111111011011
111110111101111011111100
111110111011111000001100
111110111001110100001101
111110110111101111111100
111110110101101011011100
111110110011100110101100
111110110001100001101100
111110101111011100011100
111110101101010110111101
111110101011010001001111
111110101001001011010011
111110100111000101001000
111110100100111110101111
111110100010111000001001
111110100000110001010111
111110011110101010011000
111110011100100011001101
111110011010011011110111
111110011000010100010111
111110010110001100101101
111110010100000100111001
111110010001111100111101
111110001111110100111010
111110001101101100101111
111110001011100100011101
111110001001011100000110
111110000111010011101010
111110000101001011001011
111110000011000010100111
111110000000111010000010
111101111110110001011011
111101111100101000110011
111101111010100000001011
111101111000010111100011
111101110110001110111110
111101110100000110011011
111101110001111101111011
111101101111110101011111
111101101101101101001000
111101101011100100110111
111101101001011100101100
111101100111010100101001
111101100101001100101101
111101100011000100111010
111101100000111101010000
111101011110110101110001
111101011100101110011100
111101011010100111010011
111101011000100000010101
111101010110011001100100
111101010100010011000000
111101010010001100101010
111101010000000110100010
111101001110000000101000
111101001011111010111110
111101001001110101100011
111101000111110000010111
111101000101101011011100
111101000011100110110001
111101000001100010010110
111100111111011110001100
111100111101011010010011
111100111011010110101100
111100111001010011010101
111100110111010000001111
111100110101001101011011
111100110011001010111000
111100110001001000100101
111100101111000110100100
111100101101000100110011
111100101011000011010011
111100101001000010000011
111100100111000001000011
111100100101000000010011
111100100010111111110010
111100100000111111100000
111100011110111111011100
111100011100111111100110
111100011010111111111110
111100011001000000100010
111100010111000001010011
111100010101000010010000
111100010011000011011000
111100010001000100101010
111100001111000110000110
111100001101000111101010
111100001011001001011000
111100001001001011001100
111100000111001101001000
111100000101001111001001
111100000011010001001111
111100000001010011011010
111011111111010101101000
111011111101010111111001
111011111011011010001011
111011111001011100011111
111011110111011110110010
111011110101100001000101
111011110011100011010101
111011110001100101100011
111011101111100111101110
111011101101101001110100
111011101011101011110101
111011101001101101110000
111011100111101111100101
111011100101110001010001
111011100011110010110101
111011100001110100010000
111011011111110101100001
111011011101110110100111
111011011011110111100001
111011011001111000001111
111011010111111000110001
111011010101111001000101
111011010011111001001011
111011010001111001000010
111011001111111000101010
111011001101111000000010
111011001011110111001011
111011001001110110000010
111011000111110100101001
111011000101110010111110
111011000011110001000010
111011000001101110110100
111010111111101100010011
111010111101101001100001
111010111011100110011100
111010111001100011000100
111010110111011111011010
111010110101011011011101
111010110011010111001101
111010110001010010101011
111010101111001101110111
111010101101001000110000
111010101011000011011000
111010101000111101101110
111010100110110111110010
111010100100110001100101
111010100010101011001000
111010100000100100011010
111010011110011101011100
111010011100010110010000
111010011010001110110100
111010011000000111001010
111010010101111111010011
111010010011110111001111
111010010001101110111111
111010001111100110100011
111010001101011101111101
111010001011010101001100
111010001001001100010011
111010000111000011010001
111010000100111010001000
111010000010110000111000
111010000000100111100010
111001111110011110001000
111001111100010100101010
111001111010001011001001
111001111000000001100110
111001110101111000000011
111001110011101110011111
111001110001100100111100
111001101111011011011011
111001101101010001111101
111001101011001000100011
111001101000111111001110
111001100110110101111110
111001100100101100110110
111001100010100011110101
111001100000011010111100
111001011110010010001101
111001011100001001101001
111001011010000001010000
111001010111111001000011
111001010101110001000010
111001010011101001010000
111001010001100001101100
111001001111011010010111
111001001101010011010010
111001001011001100011101
111001001001000101111010
111001000110111111101000
111001000100111001101001
111001000010110011111100
111001000000101110100010
111000111110101001011101
111000111100100100101011
111000111010100000001110
111000111000011100000101
111000110110011000010001
111000110100010100110010
111000110010010001101000
111000110000001110110100
111000101110001100010101
111000101100001010001010
111000101010001000010110
111000101000000110110110
111000100110000101101011
111000100100000100110101
111000100010000100010011
111000100000000100000101
111000011110000100001010
111000011100000100100011
111000011010000101001111
111000011000000110001101
111000010110000111011100
111000010100001000111101
111000010010001010101110
111000010000001100101110
111000001110001110111110
111000001100010001011011
111000001010010100000110
111000001000010110111110
111000000110011010000001
111000000100011101001110
111000000010100000100101
111000000000100100000101
110111111110100111101101
110111111100101011011011
110111111010101111001110
110111111000110011000111
110111110110110111000010
110111110100111011000000
110111110010111110111111
110111110001000010111110
110111101111000110111100
110111101101001010110111
110111101011001110101111
110111101001010010100011
110111100111010110010000
110111100101011001110111
110111100011011101010110
110111100001100000101100
110111011111100011110111
110111011101100110111000
110111011011101001101100
110111011001101100010010
110111010111101110101010
110111010101110000110011
110111010011110010101011
110111010001110100010010
110111001111110101100111
110111001101110110101001
110111001011110111010111
110111001001110111110001
110111000111110111110101
110111000101110111100011
110111000011110110111010
110111000001110101111011
110110111111110100100011
110110111101110010110100
110110111011110000101011
110110111001101110001010
110110110111101011001111
110110110101100111111011
110110110011100100001101
110110110001100000000101
110110101111011011100100
110110101101010110101000
110110101011010001010010
110110101001001011100011
110110100111000101011010
110110100100111110111000
110110100010110111111101
110110100000110000101001
110110011110101000111101
110110011100100000111001
110110011010011000011110
110110011000001111101100
110110010110000110100101
110110010011111101001000
110110010001110011011000
110110001111101001010011
110110001101011110111100
110110001011010100010100
110110001001001001011011
110110000110111110010010
110110000100110010111011
110110000010100111010111
110110000000011011100110
110101111110001111101010
110101111100000011100101
110101111001110111011000
110101110111101011000011
110101110101011110101001
110101110011010010001011
110101110001000101101001
110101101110111001000111
110101101100101100100100
110101101010100000000011
110101101000010011100100
110101100110000111001010
110101100011111010110110
110101100001101110101001
110101011111100010100101
110101011101010110101100
110101011011001010111110
110101011000111111011101
110101010110110100001011
110101010100101001001001
110101010010011110011000
110101010000010011111010
110101001110001001110000
110101001011111111111100
110101001001110110011110
110101000111101101010111
110101000101100100101010
110101000011011100010111
110101000001010100011110
110100111111001101000010
110100111101000110000011
110100111010111111100010
110100111000111001100000
110100110110110011111101
110100110100101110111010
110100110010101010011001
110100110000100110011000
110100101110100010111010
110100101100011111111110
110100101010011101100100
110100101000011011101101
110100100110011010011001
110100100100011001101000
110100100010011001011010
110100100000011001110000
110100011110011010100111
110100011100011100000010
110100011010011101111110
110100011000100000011101
110100010110100011011100
110100010100100110111100
110100010010101010111100
110100010000101111011011
110100001110110100011001
110100001100111001110011
110100001010111111101010
110100001001000101111100
110100000111001100101000
110100000101010011101101
110100000011011011001001
110100000001100010111011
110011111111101011000001
110011111101110011011010
110011111011111100000101
110011111010000100111110
110011111000001110000110
110011110110010111011001
110011110100100000110111
110011110010101010011100
110011110000110100001000
110011101110111101111000
110011101101000111101010
110011101011010001011100
110011101001011011001100
110011100111100100111000
110011100101101110011101
110011100011110111111001
110011100010000001001011
110011100000001010010000
110011011110010011000101
110011011100011011101001
110011011010100011111001
110011011000101011110100
110011010110110011010110
110011010100111010011111
110011010011000001001011
110011010001000111011000
110011001111001101000101
110011001101010010010000
110011001011010110110110
110011001001011010110110
110011000111011110001110
110011000101100000111100
110011000011100010111110
110011000001100100010011
110010111111100100111001
110010111101100100101111
110010111011100011110011
110010111001100010000100
110010110111011111100000
110010110101011100001000
110010110011010111111001
110010110001010010110011
110010101111001100110101
110010101101000101111110
110010101010111110001111
110010101000110101100110
110010100110101100000011
110010100100100001100111
110010100010010110010001
110010100000001010000001
110010011101111100111000
110010011011101110110110
110010011001011111111100
110010010111010000001010
110010010100111111100010
110010010010101110000100
110010010000011011110010
110010001110001000101101
110010001011110100110110
110010001001100000010000
110010000111001010111100
110010000100110100111100
110010000010011110010010
110010000000000111000000
110001111101101111001010
110001111011010110110001
110001111000111101111001
110001110110100100100100
110001110100001010110110
110001110001110000110001
110001101111010110011001
110001101100111011110001
110001101010100000111110
110001101000000110000011
110001100101101011000100
110001100011010000000101
110001100000110101001010
110001011110011010011000
110001011011111111110010
110001011001100101011110
110001010111001011100000
110001010100110001111110
110001010010011000111010
110001010000000000011100
110001001101101000101000
110001001011010001100010
110001001000111011010001
110001000110100101111001
110001000100010001011111
110001000001111110001010
110000111111101011111111
110000111101011011000010
110000111011001011011011
110000111000111101001101
110000110110110000011111
110000110100100101010111
110000110010011011111010
110000110000010100001101
110000101110001110010111
110000101100001010011100
110000101010001000100011
110000101000001000110001
110000100110001011001100
110000100100001111111001
110000100010010110111101
110000100000100000011110
110000011110101100100001
110000011100111011001100
110000011011001100100100
110000011001100000101101
110000010111110111101101
110000010110010001101000
110000010100101110100100
110000010011001110100101
110000010001110001110000
110000010000011000001001
110000001111000001110101
110000001101101110110111
110000001100011111010011
110000001011010011001111
110000001010001010101100
110000001001000101110000
110000001000000100011101
110000000111000110110110
110000000110001100111111
110000000101010110111010
110000000100100100101011
110000000011110110010100
110000000011001011110110
110000000010100101010101
110000000010000010110010
110000000001100100001111
110000000001001001101101
110000000000110011001111
110000000000100000110100
110000000000010010011110
110000000000001000001110
110000000000000010000100
