110000000000000000000001
110000000000000000100101
110000000000000010001111
110000000000000101000001
110000000000001000111001
110000000000001101111001
110000000000010100000000
110000000000011011001110
110000000000100011100010
110000000000101100111110
110000000000110111100001
110000000001000011001010
110000000001001111111011
110000000001011101110010
110000000001101100110000
110000000001111100110100
110000000010001110000000
110000000010100000010010
110000000010110011101010
110000000011001000001001
110000000011011101101111
110000000011110100011011
110000000100001100001101
110000000100100101000110
110000000100111111000100
110000000101011010001001
110000000101110110010100
110000000110010011100101
110000000110110001111011
110000000111010001011000
110000000111110001111010
110000001000010011100010
110000001000110110001111
110000001001011010000001
110000001001111110111001
110000001010100100110101
110000001011001011110111
110000001011110011111110
110000001100011101001010
110000001101000111011010
110000001101110010101111
110000001110011111001000
110000001111001100100101
110000001111111011000111
110000010000101010101100
110000010001011011010110
110000010010001101000011
110000010010111111110100
110000010011110011101000
110000010100101000100000
110000010101011110011010
110000010110010101011000
110000010111001101011000
110000011000000110011011
110000011001000000100000
110000011001111011101000
110000011010110111110001
110000011011110100111101
110000011100110011001011
110000011101110010011001
110000011110110010101010
110000011111110011111011
110000100000110110001110
110000100001111001100001
110000100010111101110101
110000100100000011001001
110000100101001001011110
110000100110010000110010
110000100111011001000110
110000101000100010011010
110000101001101100101101
110000101010110111111111
110000101100000100010000
110000101101010001100000
110000101110011111101110
110000101111101110111011
110000110000111111000101
110000110010010000001101
110000110011100010010011
110000110100110101010110
110000110110001001010110
110000110111011110010011
110000111000110100001100
110000111010001011000010
110000111011100010110100
110000111100111011100001
110000111110010101001010
110000111111101111101111
110001000001001011001110
110001000010100111101000
110001000100000100111100
110001000101100011001011
110001000111000010010100
110001001000100010010110
110001001010000011010010
110001001011100101000111
110001001101000111110100
110001001110101011011010
110001010000001111111001
110001010001110101001111
110001010011011011011101
110001010101000010100011
110001010110101010011111
110001011000010011010011
110001011001111100111101
110001011011100111011101
110001011101010010110011
110001011110111110111110
110001100000101011111111
110001100010011001110101
110001100100001000011111
110001100101110111111110
110001100111101000010001
110001101001011001010111
110001101011001011010001
110001101100111101111110
110001101110110001011110
110001110000100101110000
110001110010011010110101
110001110100010000101011
110001110110000111010010
110001110111111110101011
110001111001110110110101
110001111011101111101110
110001111101101001011001
110001111111100011110010
110010000001011110111100
110010000011011010110100
110010000101010111011011
110010000111010100110001
110010001001010010110101
110010001011010001100110
110010001101010001000101
110010001111010001010001
110010010001010010001001
110010010011010011101110
110010010101010101111111
110010010111011000111011
110010011001011100100011
110010011011100000110110
110010011101100101110011
110010011111101011011010
110010100001110001101100
110010100011111000100110
110010100110000000001010
110010101000001000010111
110010101010010001001100
110010101100011010101001
110010101110100100101110
110010110000101111011001
110010110010111010101100
110010110101000110100110
110010110111010011000101
110010111001100000001011
110010111011101101110110
110010111101111100000110
110011000000001010111010
110011000010011010010011
110011000100101010010000
110011000110111010110000
110011001001001011110100
110011001011011101011011
110011001101101111100100
110011010000000010001110
110011010010010101011011
110011010100101001001001
110011010110111101011000
110011011001010010000111
110011011011100111010111
110011011101111101000110
110011100000010011010101
110011100010101010000011
110011100101000001010000
110011100111011000111010
110011101001110001000011
110011101100001001101001
110011101110100010101100
110011110000111100001100
110011110011010110001000
110011110101110000100001
110011111000001011010101
110011111010100110100100
110011111101000010001101
110011111111011110010010
110100000001111010110000
110100000100010111101000
110100000110110100111001
110100001001010010100100
110100001011110000100110
110100001110001111000001
110100010000101101110100
110100010011001100111110
110100010101101100011111
110100011000001100010110
110100011010101100100100
110100011101001101001000
110100011111101110000001
110100100010001111001111
110100100100110000110010
110100100111010010101010
110100101001110100110101
110100101100010111010100
110100101110111010000110
110100110001011101001010
110100110100000000100010
110100110110100100001011
110100111001001000000110
110100111011101100010010
110100111110010000110000
110101000000110101011101
110101000011011010011100
110101000101111111101001
110101001000100101000111
110101001011001010110011
110101001101110000101110
110101010000010110111000
110101010010111101001111
110101010101100011110100
110101011000001010100110
110101011010110001100110
110101011101011000110001
110101100000000000001001
110101100010100111101101
110101100101001111011100
110101100111110111010110
110101101010011111011011
110101101101000111101010
110101101111110000000011
110101110010011000100110
110101110101000001010010
110101110111101010001000
110101111010010011000101
110101111100111100001011
110101111111100101011001
110110000010001110101110
110110000100111000001011
110110000111100001101111
110110001010001011011001
110110001100110101001001
110110001111011110111111
110110010010001000111010
110110010100110010111011
110110010111011101000000
110110011010000111001010
110110011100110001011000
110110011111011011101010
110110100010000110000000
110110100100110000011000
110110100111011010110100
110110101010000101010010
110110101100101111110010
110110101111011010010100
110110110010000100111000
110110110100101111011101
110110110111011010000011
110110111010000100101001
110110111100101111010000
110110111111011001110111
110111000010000100011101
110111000100101111000011
110111000111011001101000
110111001010000100001100
110111001100101110101110
110111001111011001001110
110111010010000011101101
110111010100101110001000
110111010111011000100010
110111011010000010111000
110111011100101101001011
110111011111010111011010
110111100010000001100110
110111100100101011101101
110111100111010101110000
110111101001111111101110
110111101100101001101000
110111101111010011011100
110111110001111101001011
110111110100100110110011
110111110111010000010110
110111111001111001110011
110111111100100011001001
110111111111001100011000
111000000001110101100000
111000000100011110100001
111000000111000111011010
111000001001110000001100
111000001100011000110101
111000001111000001010110
111000010001101001101111
111000010100010001111110
111000010110111010000101
111000011001100010000010
111000011100001001110110
111000011110110001100000
111000100001011001000001
111000100100000000010111
111000100110100111100010
111000101001001110100011
111000101011110101011010
111000101110011100000101
111000110001000010100100
111000110011101000111001
111000110110001111000010
111000111000110100111110
111000111011011010101111
111000111110000000010011
111001000000100101101011
111001000011001010110111
111001000101101111110101
111001001000010100100110
111001001010111001001011
111001001101011101100001
111001010000000001101010
111001010010100101100110
111001010101001001010011
111001010111101100110010
111001011010010000000011
111001011100110011000101
111001011111010101111001
111001100001111000011110
111001100100011010110100
111001100110111100111011
111001101001011110110011
111001101100000000011011
111001101110100001110100
111001110001000010111101
111001110011100011110110
111001110110000100011111
111001111000100100111000
111001111011000101000001
111001111101100100111001
111010000000000100100001
111010000010100011111000
111010000101000010111111
111010000111100001110101
111010001010000000011001
111010001100011110101101
111010001110111100101111
111010010001011010100000
111010010011110111111111
111010010110010101001101
111010011000110010001010
111010011011001110110100
111010011101101011001101
111010100000000111010100
111010100010100011001001
111010100100111110101100
111010100111011001111100
111010101001110100111011
111010101100001111100111
111010101110101010000000
111010110001000100000111
111010110011011101111100
111010110101110111011110
111010111000010000101101
111010111010101001101010
111010111101000010010100
111010111111011010101011
111011000001110010101111
111011000100001010100000
111011000110100001111110
111011001000111001001001
111011001011010000000001
111011001101100110100110
111011001111111100110111
111011010010010010110110
111011010100101000100001
111011010110111101111010
111011011001010010111110
111011011011100111110000
111011011101111100001110
111011100000010000011001
111011100010100100010001
111011100100110111110101
111011100111001011000110
111011101001011110000100
111011101011110000101111
111011101110000011000110
111011110000010101001001
111011110010100110111010
111011110100111000010111
111011110111001001100000
111011111001011010010111
111011111011101010111010
111011111101111011001010
111100000000001011000111
111100000010011010110000
111100000100101010000110
111100000110111001001001
111100001001000111111010
111100001011010110010110
111100001101100100100000
111100001111110010010111
111100010001111111111011
111100010100001101001100
111100010110011010001011
111100011000100110110110
111100011010110011001111
111100011100111111010101
111100011111001011001000
111100100001010110101001
111100100011100001110111
111100100101101100110011
111100100111110111011101
111100101010000001110100
111100101100001011111001
111100101110010101101100
111100110000011111001100
111100110010101000011011
111100110100110001011000
111100110110111010000011
111100111001000010011100
111100111011001010100100
111100111101010010011010
111100111111011001111111
111101000001100001010010
111101000011101000010100
111101000101101111000101
111101000111110101100101
111101001001111011110100
111101001100000001110010
111101001110000111100000
111101010000001100111100
111101010010010010001001
111101010100010111000100
111101010110011011110000
111101011000100000001100
111101011010100100010111
111101011100101000010011
111101011110101011111111
111101100000101111011011
111101100010110010101000
111101100100110101100101
111101100110111000010011
111101101000111010110010
111101101010111101000010
111101101100111111000100
111101101111000000110110
111101110001000010011010
111101110011000011110000
111101110101000100110111
111101110111000101110001
111101111001000110011100
111101111011000110111010
111101111101000111001010
111101111111000111001101
111110000001000111000010
111110000011000110101011
111110000101000110000110
111110000111000101010100
111110001001000100010110
111110001011000011001011
111110001101000001110101
111110001111000000010001
111110010000111110100010
111110010010111100101000
111110010100111010100001
111110010110111000001111
111110011000110101110010
111110011010110011001010
111110011100110000010111
111110011110101101011001
111110100000101010010000
111110100010100110111110
111110100100100011100001
111110100110011111111010
111110101000011100001001
111110101010011000001111
111110101100010100001011
111110101110001111111110
111110110000001011101000
111110110010000111001010
111110110100000010100010
111110110101111101110010
111110110111111000111010
111110111001110011111010
111110111011101110110010
111110111101101001100011
111110111111100100001100
111111000001011110101101
111111000011011001001000
111111000101010011011100
111111000111001101101001
111111001001000111110000
111111001011000001110000
111111001100111011101011
111111001110110101100000
111111010000101111001111
111111010010101000111001
111111010100100010011101
111111010110011011111101
111111011000010101011000
111111011010001110101111
111111011100001000000001
111111011110000001001111
111111011111111010011001
111111100001110011011111
111111100011101100100010
111111100101100101100010
111111100111011110011110
111111101001010111011000
111111101011010000001111
111111101101001001000100
111111101111000001110111
111111110000111010100111
111111110010110011010110
111111110100101100000011
111111110110100100110000
111111111000011101011011
111111111010010110000101
111111111100001110101110
111111111110000111010111
000000000000000000000000
000000000001111000101001
000000000011110001010010
000000000101101001111011
000000000111100010100101
000000001001011011010000
000000001011010011111101
000000001101001100101010
000000001111000101011001
000000010000111110001001
000000010010110110111100
000000010100101111110001
000000010110101000101000
000000011000100001100010
000000011010011010011110
000000011100010011011110
000000011110001100100001
000000100000000101100111
000000100001111110110001
000000100011110111111111
000000100101110001010001
000000100111101010101000
000000101001100100000011
000000101011011101100011
000000101101010111000111
000000101111010000110001
000000110001001010100000
000000110011000100010101
000000110100111110010000
000000110110111000010000
000000111000110010010111
000000111010101100100100
000000111100100110111000
000000111110100001010011
000001000000011011110100
000001000010010110011101
000001000100010001001110
000001000110001100000110
000001001000000111000110
000001001010000010001110
000001001011111101011110
000001001101111000110110
000001001111110100011000
000001010001110000000010
000001010011101011110101
000001010101100111110001
000001010111100011110111
000001011001100000000110
000001011011011100011111
000001011101011001000010
000001011111010101110000
000001100001010010100111
000001100011001111101001
000001100101001100110110
000001100111001010001110
000001101001000111110001
000001101011000101011111
000001101101000011011000
000001101111000001011110
000001110000111111101111
000001110010111110001011
000001110100111100110101
000001110110111011101010
000001111000111010101100
000001111010111001111010
000001111100111001010101
000001111110111000111110
000010000000111000110011
000010000010111000110110
000010000100111001000110
000010000110111001100100
000010001000111010001111
000010001010111011001001
000010001100111100010000
000010001110111101100110
000010010000111111001010
000010010011000000111100
000010010101000010111110
000010010111000101001110
000010011001000111101101
000010011011001010011011
000010011101001101011000
000010011111010000100101
000010100001010100000001
000010100011010111101101
000010100101011011101001
000010100111011111110100
000010101001100100010000
000010101011101000111100
000010101101101101110111
000010101111110011000100
000010110001111000100000
000010110011111110001110
000010110110000100001100
000010111000001010011011
000010111010010000111011
000010111100010111101100
000010111110011110101110
000011000000100110000001
000011000010101101100110
000011000100110101011100
000011000110111101100100
000011001001000101111101
000011001011001110101000
000011001101010111100101
000011001111100000110100
000011010001101010010100
000011010011110100000111
000011010101111110001100
000011011000001000100011
000011011010010011001101
000011011100011110001001
000011011110101001010111
000011100000110100111000
000011100011000000101011
000011100101001100110001
000011100111011001001010
000011101001100101110101
000011101011110010110100
000011101110000000000101
000011110000001101101001
000011110010011011100000
000011110100101001101010
000011110110111000000110
000011111001000110110111
000011111011010101111010
000011111101100101010000
000011111111110100111001
000100000010000100110110
000100000100010101000110
000100000110100101101001
000100001000110110100000
000100001011000111101001
000100001101011001000110
000100001111101010110111
000100010001111100111010
000100010100001111010001
000100010110100001111100
000100011000110100111010
000100011011001000001011
000100011101011011101111
000100011111101111100111
000100100010000011110010
000100100100011000010000
000100100110101101000010
000100101001000010000110
000100101011010111011111
000100101101101101001010
000100110000000011001001
000100110010011001011010
000100110100101111111111
000100110111000110110111
000100111001011110000010
000100111011110101100000
000100111110001101010001
000101000000100101010101
000101000010111101101100
000101000101010110010110
000101000111101111010011
000101001010001000100010
000101001100100010000100
000101001110111011111001
000101010001010110000000
000101010011110000011001
000101010110001011000101
000101011000100110000100
000101011011000001010100
000101011101011100110111
000101011111111000101100
000101100010010100110011
000101100100110001001100
000101100111001101110110
000101101001101010110011
000101101100001000000001
000101101110100101100000
000101110001000011010001
000101110011100001010011
000101110101111111100111
000101111000011110001011
000101111010111101000001
000101111101011100001000
000101111111111011011111
000110000010011011000111
000110000100111010111111
000110000111011011001000
000110001001111011100001
000110001100011100001010
000110001110111101000011
000110010001011110001100
000110010011111111100101
000110010110100001001101
000110011001000011000101
000110011011100101001100
000110011110000111100010
000110100000101010000111
000110100011001100111011
000110100101101111111101
000110101000010011001110
000110101010110110101101
000110101101011010011010
000110101111111110010110
000110110010100010011111
000110110101000110110101
000110110111101011011010
000110111010010000001011
000110111100110101001001
000110111111011010010101
000111000001111111101101
000111000100100101010001
000111000111001011000010
000111001001110000111110
000111001100010111000111
000111001110111101011100
000111010001100011111011
000111010100001010100110
000111010110110001011101
000111011001011000011110
000111011011111111101001
000111011110100110111111
000111100001001110100000
000111100011110110001010
000111100110011101111110
000111101001000101111011
000111101011101110000010
000111101110010110010001
000111110000111110101010
000111110011100111001011
000111110110001111110100
000111111000111000100110
000111111011100001011111
000111111110001010100000
001000000000110011101000
001000000011011100110111
001000000110000110001101
001000001000101111101010
001000001011011001001101
001000001110000010110101
001000010000101100100100
001000010011010110011000
001000010110000000010010
001000011000101010010000
001000011011010100010011
001000011101111110011010
001000100000101000100110
001000100011010010110101
001000100101111101001000
001000101000100111011110
001000101011010001111000
001000101101111100010011
001000110000100110110010
001000110011010001010010
001000110101111011110100
001000111000100110011000
001000111011010000111101
001000111101111011100011
001001000000100110001001
001001000011010000110000
001001000101111011010111
001001001000100101111101
001001001011010000100011
001001001101111011001000
001001010000100101101100
001001010011010000001110
001001010101111010101110
001001011000100101001100
001001011011001111101000
001001011101111010000000
001001100000100100010110
001001100011001110101000
001001100101111000110110
001001101000100011000000
001001101011001101000101
001001101101110111000110
001001110000100001000001
001001110011001010110111
001001110101110100100111
001001111000011110010001
001001111011000111110101
001001111101110001010010
001010000000011010100111
001010000011000011110101
001010000101101100111011
001010001000010101111000
001010001010111110101110
001010001101100111011010
001010010000001111111101
001010010010111000010110
001010010101100000100101
001010011000001000101010
001010011010110000100100
001010011101011000010011
001010011111111111110111
001010100010100111001111
001010100101001110011010
001010100111110101011010
001010101010011100001100
001010101101000010110001
001010101111101001001000
001010110010001111010010
001010110100110101001101
001010110111011010111001
001010111010000000010111
001010111100100101100100
001010111111001010100011
001011000001101111010000
001011000100010011101110
001011000110110111111010
001011001001011011110101
001011001011111111011110
001011001110100010110110
001011010001000101111010
001011010011101000101100
001011010110001011001011
001011011000101101010110
001011011011001111001110
001011011101110000110001
001011100000010001111111
001011100010110010111000
001011100101010011011100
001011100111110011101010
001011101010010011100001
001011101100110011000010
001011101111010010001100
001011110001110000111111
001011110100001111011010
001011110110101101011100
001011111001001011000111
001011111011101000011000
001011111110000101010000
001100000000100001101110
001100000010111101110011
001100000101011001011100
001100000111110100101011
001100001010001111011111
001100001100101001111000
001100001111000011110100
001100010001011101010100
001100010011110110010111
001100010110001110111101
001100011000100111000110
001100011010111110110000
001100011101010101111101
001100011111101100101011
001100100010000010111010
001100100100011000101001
001100100110101101111001
001100101001000010101000
001100101011010110110111
001100101101101010100101
001100101111111101110010
001100110010010000011100
001100110100100010100101
001100110110110100001100
001100111001000101010000
001100111011010101110000
001100111101100101101101
001100111111110101000110
001101000010000011111010
001101000100010010001010
001101000110011111110101
001101001000101100111011
001101001010111001011010
001101001101000101010100
001101001111010000100111
001101010001011011010010
001101010011100101010111
001101010101101110110100
001101010111110111101001
001101011001111111110110
001101011100000111011010
001101011110001110010100
001101100000010100100110
001101100010011010001101
001101100100011111001010
001101100110100011011101
001101101000100111000101
001101101010101010000001
001101101100101100010010
001101101110101101110111
001101110000101110101111
001101110010101110111011
001101110100101110011010
001101110110101101001011
001101111000101011001111
001101111010101000100101
001101111100100101001100
001101111110100001000100
001110000000011100001110
001110000010010110100111
001110000100010000010010
001110000110001001001011
001110001000000001010101
001110001001111000101110
001110001011101111010101
001110001101100101001011
001110001111011010010000
001110010001001110100010
001110010011000010000010
001110010100110100101111
001110010110100110101001
001110011000010111101111
001110011010001000000010
001110011011110111100001
001110011101100110001011
001110011111010100000001
001110100001000001000010
001110100010101101001101
001110100100011000100011
001110100110000011000011
001110100111101100101101
001110101001010101100001
001110101010111101011101
001110101100100100100011
001110101110001010110001
001110101111110000000111
001110110001010100100110
001110110010111000001100
001110110100011010111001
001110110101111100101110
001110110111011101101010
001110111000111101101100
001110111010011100110101
001110111011111011000100
001110111101011000011000
001110111110110100110010
001111000000010000010001
001111000001101010110110
001111000011000100011111
001111000100011101001100
001111000101110100111110
001111000111001011110100
001111001000100001101101
001111001001110110101010
001111001011001010101010
001111001100011101101101
001111001101101111110011
001111001111000000111011
001111010000010001000101
001111010001100000010010
001111010010101110100000
001111010011111011110000
001111010101001000000001
001111010110010011010011
001111010111011101100110
001111011000100110111010
001111011001101111001110
001111011010110110100010
001111011011111100110111
001111011101000010001011
001111011110000110011111
001111011111001001110010
001111100000001100000101
001111100001001101010110
001111100010001101100111
001111100011001100110101
001111100100001011000011
001111100101001000001111
001111100110000100011000
001111100110111111100000
001111100111111001100101
001111101000110010101000
001111101001101010101000
001111101010100001100110
001111101011010111100000
001111101100001100011000
001111101101000000001100
001111101101110010111101
001111101110100100101010
001111101111010101010100
001111110000000100111001
001111110000110011011011
001111110001100000111000
001111110010001101010001
001111110010111000100110
001111110011100010110110
001111110100001100000010
001111110100110100001001
001111110101011011001011
001111110110000001000111
001111110110100101111111
001111110111001001110001
001111110111101100011110
001111111000001110000110
001111111000101110101000
001111111001001110000101
001111111001101100011011
001111111010001001101100
001111111010100101110111
001111111011000000111100
001111111011011010111010
001111111011110011110011
001111111100001011100101
001111111100100010010001
001111111100110111110111
001111111101001100010110
001111111101011111101110
001111111101110010000000
001111111110000011001100
001111111110010011010000
001111111110100010001110
001111111110110000000101
001111111110111100110110
001111111111001000011111
001111111111010011000010
001111111111011100011110
001111111111100100110010
001111111111101100000000
001111111111110010000111
001111111111110111000111
001111111111111010111111
001111111111111101110001
001111111111111111011011
001111111111111111111111
001111111111111111011011
001111111111111101110001
001111111111111010111111
001111111111110111000111
001111111111110010000111
001111111111101100000000
001111111111100100110010
001111111111011100011110
001111111111010011000010
001111111111001000011111
001111111110111100110110
001111111110110000000101
001111111110100010001110
001111111110010011010000
001111111110000011001100
001111111101110010000000
001111111101011111101110
001111111101001100010110
001111111100110111110111
001111111100100010010001
001111111100001011100101
001111111011110011110011
001111111011011010111010
001111111011000000111100
001111111010100101110111
001111111010001001101100
001111111001101100011011
001111111001001110000101
001111111000101110101000
001111111000001110000110
001111110111101100011110
001111110111001001110001
001111110110100101111111
001111110110000001000111
001111110101011011001011
001111110100110100001001
001111110100001100000010
001111110011100010110110
001111110010111000100110
001111110010001101010001
001111110001100000111000
001111110000110011011011
001111110000000100111001
001111101111010101010100
001111101110100100101010
001111101101110010111101
001111101101000000001100
001111101100001100011000
001111101011010111100000
001111101010100001100110
001111101001101010101000
001111101000110010101000
001111100111111001100101
001111100110111111100000
001111100110000100011000
001111100101001000001111
001111100100001011000011
001111100011001100110101
001111100010001101100111
001111100001001101010110
001111100000001100000101
001111011111001001110010
001111011110000110011111
001111011101000010001011
001111011011111100110111
001111011010110110100010
001111011001101111001110
001111011000100110111010
001111010111011101100110
001111010110010011010011
001111010101001000000001
001111010011111011110000
001111010010101110100000
001111010001100000010010
001111010000010001000101
001111001111000000111011
001111001101101111110011
001111001100011101101101
001111001011001010101010
001111001001110110101010
001111001000100001101101
001111000111001011110100
001111000101110100111110
001111000100011101001100
001111000011000100011111
001111000001101010110110
001111000000010000010001
001110111110110100110010
001110111101011000011000
001110111011111011000100
001110111010011100110101
001110111000111101101100
001110110111011101101010
001110110101111100101110
001110110100011010111001
001110110010111000001100
001110110001010100100110
001110101111110000000111
001110101110001010110001
001110101100100100100011
001110101010111101011101
001110101001010101100001
001110100111101100101101
001110100110000011000011
001110100100011000100011
001110100010101101001101
001110100001000001000010
001110011111010100000001
001110011101100110001011
001110011011110111100001
001110011010001000000010
001110011000010111101111
001110010110100110101001
001110010100110100101111
001110010011000010000010
001110010001001110100010
001110001111011010010000
001110001101100101001011
001110001011101111010101
001110001001111000101110
001110001000000001010101
001110000110001001001011
001110000100010000010010
001110000010010110100111
001110000000011100001110
001101111110100001000100
001101111100100101001100
001101111010101000100101
001101111000101011001111
001101110110101101001011
001101110100101110011010
001101110010101110111011
001101110000101110101111
001101101110101101110111
001101101100101100010010
001101101010101010000001
001101101000100111000101
001101100110100011011101
001101100100011111001010
001101100010011010001101
001101100000010100100110
001101011110001110010100
001101011100000111011010
001101011001111111110110
001101010111110111101001
001101010101101110110100
001101010011100101010111
001101010001011011010010
001101001111010000100111
001101001101000101010100
001101001010111001011010
001101001000101100111011
001101000110011111110101
001101000100010010001010
001101000010000011111010
001100111111110101000110
001100111101100101101101
001100111011010101110000
001100111001000101010000
001100110110110100001100
001100110100100010100101
001100110010010000011100
001100101111111101110010
001100101101101010100101
001100101011010110110111
001100101001000010101000
001100100110101101111001
001100100100011000101001
001100100010000010111010
001100011111101100101011
001100011101010101111101
001100011010111110110000
001100011000100111000110
001100010110001110111101
001100010011110110010111
001100010001011101010100
001100001111000011110100
001100001100101001111000
001100001010001111011111
001100000111110100101011
001100000101011001011100
001100000010111101110011
001100000000100001101110
001011111110000101010000
001011111011101000011000
001011111001001011000111
001011110110101101011100
001011110100001111011010
001011110001110000111111
001011101111010010001100
001011101100110011000010
001011101010010011100001
001011100111110011101010
001011100101010011011100
001011100010110010111000
001011100000010001111111
001011011101110000110001
001011011011001111001110
001011011000101101010110
001011010110001011001011
001011010011101000101100
001011010001000101111010
001011001110100010110110
001011001011111111011110
001011001001011011110101
001011000110110111111010
001011000100010011101110
001011000001101111010000
001010111111001010100011
001010111100100101100100
001010111010000000010111
001010110111011010111001
001010110100110101001101
001010110010001111010010
001010101111101001001000
001010101101000010110001
001010101010011100001100
001010100111110101011010
001010100101001110011010
001010100010100111001111
001010011111111111110111
001010011101011000010011
001010011010110000100100
001010011000001000101010
001010010101100000100101
001010010010111000010110
001010010000001111111101
001010001101100111011010
001010001010111110101110
001010001000010101111000
001010000101101100111011
001010000011000011110101
001010000000011010100111
001001111101110001010010
001001111011000111110101
001001111000011110010001
001001110101110100100111
001001110011001010110111
001001110000100001000001
001001101101110111000110
001001101011001101000101
001001101000100011000000
001001100101111000110110
001001100011001110101000
001001100000100100010110
001001011101111010000000
001001011011001111101000
001001011000100101001100
001001010101111010101110
001001010011010000001110
001001010000100101101100
001001001101111011001000
001001001011010000100011
001001001000100101111101
001001000101111011010111
001001000011010000110000
001001000000100110001001
001000111101111011100011
001000111011010000111101
001000111000100110011000
001000110101111011110100
001000110011010001010010
001000110000100110110010
001000101101111100010011
001000101011010001111000
001000101000100111011110
001000100101111101001000
001000100011010010110101
001000100000101000100110
001000011101111110011010
001000011011010100010011
001000011000101010010000
001000010110000000010010
001000010011010110011000
001000010000101100100100
001000001110000010110101
001000001011011001001101
001000001000101111101010
001000000110000110001101
001000000011011100110111
001000000000110011101000
000111111110001010100000
000111111011100001011111
000111111000111000100110
000111110110001111110100
000111110011100111001011
000111110000111110101010
000111101110010110010001
000111101011101110000010
000111101001000101111011
000111100110011101111110
000111100011110110001010
000111100001001110100000
000111011110100110111111
000111011011111111101001
000111011001011000011110
000111010110110001011101
000111010100001010100110
000111010001100011111011
000111001110111101011100
000111001100010111000111
000111001001110000111110
000111000111001011000010
000111000100100101010001
000111000001111111101101
000110111111011010010101
000110111100110101001001
000110111010010000001011
000110110111101011011010
000110110101000110110101
000110110010100010011111
000110101111111110010110
000110101101011010011010
000110101010110110101101
000110101000010011001110
000110100101101111111101
000110100011001100111011
000110100000101010000111
000110011110000111100010
000110011011100101001100
000110011001000011000101
000110010110100001001101
000110010011111111100101
000110010001011110001100
000110001110111101000011
000110001100011100001010
000110001001111011100001
000110000111011011001000
000110000100111010111111
000110000010011011000111
000101111111111011011111
000101111101011100001000
000101111010111101000001
000101111000011110001011
000101110101111111100111
000101110011100001010011
000101110001000011010001
000101101110100101100000
000101101100001000000001
000101101001101010110011
000101100111001101110110
000101100100110001001100
000101100010010100110011
000101011111111000101100
000101011101011100110111
000101011011000001010100
000101011000100110000100
000101010110001011000101
000101010011110000011001
000101010001010110000000
000101001110111011111001
000101001100100010000100
000101001010001000100010
000101000111101111010011
000101000101010110010110
000101000010111101101100
000101000000100101010101
000100111110001101010001
000100111011110101100000
000100111001011110000010
000100110111000110110111
000100110100101111111111
000100110010011001011010
000100110000000011001001
000100101101101101001010
000100101011010111011111
000100101001000010000110
000100100110101101000010
000100100100011000010000
000100100010000011110010
000100011111101111100111
000100011101011011101111
000100011011001000001011
000100011000110100111010
000100010110100001111100
000100010100001111010001
000100010001111100111010
000100001111101010110111
000100001101011001000110
000100001011000111101001
000100001000110110100000
000100000110100101101001
000100000100010101000110
000100000010000100110110
000011111111110100111001
000011111101100101010000
000011111011010101111010
000011111001000110110111
000011110110111000000110
000011110100101001101010
000011110010011011100000
000011110000001101101001
000011101110000000000101
000011101011110010110100
000011101001100101110101
000011100111011001001010
000011100101001100110001
000011100011000000101011
000011100000110100111000
000011011110101001010111
000011011100011110001001
000011011010010011001101
000011011000001000100011
000011010101111110001100
000011010011110100000111
000011010001101010010100
000011001111100000110100
000011001101010111100101
000011001011001110101000
000011001001000101111101
000011000110111101100100
000011000100110101011100
000011000010101101100110
000011000000100110000001
000010111110011110101110
000010111100010111101100
000010111010010000111011
000010111000001010011011
000010110110000100001100
000010110011111110001110
000010110001111000100000
000010101111110011000100
000010101101101101110111
000010101011101000111100
000010101001100100010000
000010100111011111110100
000010100101011011101001
000010100011010111101101
000010100001010100000001
000010011111010000100101
000010011101001101011000
000010011011001010011011
000010011001000111101101
000010010111000101001110
000010010101000010111110
000010010011000000111100
000010010000111111001010
000010001110111101100110
000010001100111100010000
000010001010111011001001
000010001000111010001111
000010000110111001100100
000010000100111001000110
000010000010111000110110
000010000000111000110011
000001111110111000111110
000001111100111001010101
000001111010111001111010
000001111000111010101100
000001110110111011101010
000001110100111100110101
000001110010111110001011
000001110000111111101111
000001101111000001011110
000001101101000011011000
000001101011000101011111
000001101001000111110001
000001100111001010001110
000001100101001100110110
000001100011001111101001
000001100001010010100111
000001011111010101110000
000001011101011001000010
000001011011011100011111
000001011001100000000110
000001010111100011110111
000001010101100111110001
000001010011101011110101
000001010001110000000010
000001001111110100011000
000001001101111000110110
000001001011111101011110
000001001010000010001110
000001001000000111000110
000001000110001100000110
000001000100010001001110
000001000010010110011101
000001000000011011110100
000000111110100001010011
000000111100100110111000
000000111010101100100100
000000111000110010010111
000000110110111000010000
000000110100111110010000
000000110011000100010101
000000110001001010100000
000000101111010000110001
000000101101010111000111
000000101011011101100011
000000101001100100000011
000000100111101010101000
000000100101110001010001
000000100011110111111111
000000100001111110110001
000000100000000101100111
000000011110001100100001
000000011100010011011110
000000011010011010011110
000000011000100001100010
000000010110101000101000
000000010100101111110001
000000010010110110111100
000000010000111110001001
000000001111000101011001
000000001101001100101010
000000001011010011111101
000000001001011011010000
000000000111100010100101
000000000101101001111011
000000000011110001010010
000000000001111000101001
000000000000000000000000
111111111110000111010111
111111111100001110101110
111111111010010110000101
111111111000011101011011
111111110110100100110000
111111110100101100000011
111111110010110011010110
111111110000111010100111
111111101111000001110111
111111101101001001000100
111111101011010000001111
111111101001010111011000
111111100111011110011110
111111100101100101100010
111111100011101100100010
111111100001110011011111
111111011111111010011001
111111011110000001001111
111111011100001000000001
111111011010001110101111
111111011000010101011000
111111010110011011111101
111111010100100010011101
111111010010101000111001
111111010000101111001111
111111001110110101100000
111111001100111011101011
111111001011000001110000
111111001001000111110000
111111000111001101101001
111111000101010011011100
111111000011011001001000
111111000001011110101101
111110111111100100001100
111110111101101001100011
111110111011101110110010
111110111001110011111010
111110110111111000111010
111110110101111101110010
111110110100000010100010
111110110010000111001010
111110110000001011101000
111110101110001111111110
111110101100010100001011
111110101010011000001111
111110101000011100001001
111110100110011111111010
111110100100100011100001
111110100010100110111110
111110100000101010010000
111110011110101101011001
111110011100110000010111
111110011010110011001010
111110011000110101110010
111110010110111000001111
111110010100111010100001
111110010010111100101000
111110010000111110100010
111110001111000000010001
111110001101000001110101
111110001011000011001011
111110001001000100010110
111110000111000101010100
111110000101000110000110
111110000011000110101011
111110000001000111000010
111101111111000111001101
111101111101000111001010
111101111011000110111010
111101111001000110011100
111101110111000101110001
111101110101000100110111
111101110011000011110000
111101110001000010011010
111101101111000000110110
111101101100111111000100
111101101010111101000010
111101101000111010110010
111101100110111000010011
111101100100110101100101
111101100010110010101000
111101100000101111011011
111101011110101011111111
111101011100101000010011
111101011010100100010111
111101011000100000001100
111101010110011011110000
111101010100010111000100
111101010010010010001001
111101010000001100111100
111101001110000111100000
111101001100000001110010
111101001001111011110100
111101000111110101100101
111101000101101111000101
111101000011101000010100
111101000001100001010010
111100111111011001111111
111100111101010010011010
111100111011001010100100
111100111001000010011100
111100110110111010000011
111100110100110001011000
111100110010101000011011
111100110000011111001100
111100101110010101101100
111100101100001011111001
111100101010000001110100
111100100111110111011101
111100100101101100110011
111100100011100001110111
111100100001010110101001
111100011111001011001000
111100011100111111010101
111100011010110011001111
111100011000100110110110
111100010110011010001011
111100010100001101001100
111100010001111111111011
111100001111110010010111
111100001101100100100000
111100001011010110010110
111100001001000111111010
111100000110111001001001
111100000100101010000110
111100000010011010110000
111100000000001011000111
111011111101111011001010
111011111011101010111010
111011111001011010010111
111011110111001001100000
111011110100111000010111
111011110010100110111010
111011110000010101001001
111011101110000011000110
111011101011110000101111
111011101001011110000100
111011100111001011000110
111011100100110111110101
111011100010100100010001
111011100000010000011001
111011011101111100001110
111011011011100111110000
111011011001010010111110
111011010110111101111010
111011010100101000100001
111011010010010010110110
111011001111111100110111
111011001101100110100110
111011001011010000000001
111011001000111001001001
111011000110100001111110
111011000100001010100000
111011000001110010101111
111010111111011010101011
111010111101000010010100
111010111010101001101010
111010111000010000101101
111010110101110111011110
111010110011011101111100
111010110001000100000111
111010101110101010000000
111010101100001111100111
111010101001110100111011
111010100111011001111100
111010100100111110101100
111010100010100011001001
111010100000000111010100
111010011101101011001101
111010011011001110110100
111010011000110010001010
111010010110010101001101
111010010011110111111111
111010010001011010100000
111010001110111100101111
111010001100011110101101
111010001010000000011001
111010000111100001110101
111010000101000010111111
111010000010100011111000
111010000000000100100001
111001111101100100111001
111001111011000101000001
111001111000100100111000
111001110110000100011111
111001110011100011110110
111001110001000010111101
111001101110100001110100
111001101100000000011011
111001101001011110110011
111001100110111100111011
111001100100011010110100
111001100001111000011110
111001011111010101111001
111001011100110011000101
111001011010010000000011
111001010111101100110010
111001010101001001010011
111001010010100101100110
111001010000000001101010
111001001101011101100001
111001001010111001001011
111001001000010100100110
111001000101101111110101
111001000011001010110111
111001000000100101101011
111000111110000000010011
111000111011011010101111
111000111000110100111110
111000110110001111000010
111000110011101000111001
111000110001000010100100
111000101110011100000101
111000101011110101011010
111000101001001110100011
111000100110100111100010
111000100100000000010111
111000100001011001000001
111000011110110001100000
111000011100001001110110
111000011001100010000010
111000010110111010000101
111000010100010001111110
111000010001101001101111
111000001111000001010110
111000001100011000110101
111000001001110000001100
111000000111000111011010
111000000100011110100001
111000000001110101100000
110111111111001100011000
110111111100100011001001
110111111001111001110011
110111110111010000010110
110111110100100110110011
110111110001111101001011
110111101111010011011100
110111101100101001101000
110111101001111111101110
110111100111010101110000
110111100100101011101101
110111100010000001100110
110111011111010111011010
110111011100101101001011
110111011010000010111000
110111010111011000100010
110111010100101110001000
110111010010000011101101
110111001111011001001110
110111001100101110101110
110111001010000100001100
110111000111011001101000
110111000100101111000011
110111000010000100011101
110110111111011001110111
110110111100101111010000
110110111010000100101001
110110110111011010000011
110110110100101111011101
110110110010000100111000
110110101111011010010100
110110101100101111110010
110110101010000101010010
110110100111011010110100
110110100100110000011000
110110100010000110000000
110110011111011011101010
110110011100110001011000
110110011010000111001010
110110010111011101000000
110110010100110010111011
110110010010001000111010
110110001111011110111111
110110001100110101001001
110110001010001011011001
110110000111100001101111
110110000100111000001011
110110000010001110101110
110101111111100101011001
110101111100111100001011
110101111010010011000101
110101110111101010001000
110101110101000001010010
110101110010011000100110
110101101111110000000011
110101101101000111101010
110101101010011111011011
110101100111110111010110
110101100101001111011100
110101100010100111101101
110101100000000000001001
110101011101011000110001
110101011010110001100110
110101011000001010100110
110101010101100011110100
110101010010111101001111
110101010000010110111000
110101001101110000101110
110101001011001010110011
110101001000100101000111
110101000101111111101001
110101000011011010011100
110101000000110101011101
110100111110010000110000
110100111011101100010010
110100111001001000000110
110100110110100100001011
110100110100000000100010
110100110001011101001010
110100101110111010000110
110100101100010111010100
110100101001110100110101
110100100111010010101010
110100100100110000110010
110100100010001111001111
110100011111101110000001
110100011101001101001000
110100011010101100100100
110100011000001100010110
110100010101101100011111
110100010011001100111110
110100010000101101110100
110100001110001111000001
110100001011110000100110
110100001001010010100100
110100000110110100111001
110100000100010111101000
110100000001111010110000
110011111111011110010010
110011111101000010001101
110011111010100110100100
110011111000001011010101
110011110101110000100001
110011110011010110001000
110011110000111100001100
110011101110100010101100
110011101100001001101001
110011101001110001000011
110011100111011000111010
110011100101000001010000
110011100010101010000011
110011100000010011010101
110011011101111101000110
110011011011100111010111
110011011001010010000111
110011010110111101011000
110011010100101001001001
110011010010010101011011
110011010000000010001110
110011001101101111100100
110011001011011101011011
110011001001001011110100
110011000110111010110000
110011000100101010010000
110011000010011010010011
110011000000001010111010
110010111101111100000110
110010111011101101110110
110010111001100000001011
110010110111010011000101
110010110101000110100110
110010110010111010101100
110010110000101111011001
110010101110100100101110
110010101100011010101001
110010101010010001001100
110010101000001000010111
110010100110000000001010
110010100011111000100110
110010100001110001101100
110010011111101011011010
110010011101100101110011
110010011011100000110110
110010011001011100100011
110010010111011000111011
110010010101010101111111
110010010011010011101110
110010010001010010001001
110010001111010001010001
110010001101010001000101
110010001011010001100110
110010001001010010110101
110010000111010100110001
110010000101010111011011
110010000011011010110100
110010000001011110111100
110001111111100011110010
110001111101101001011001
110001111011101111101110
110001111001110110110101
110001110111111110101011
110001110110000111010010
110001110100010000101011
110001110010011010110101
110001110000100101110000
110001101110110001011110
110001101100111101111110
110001101011001011010001
110001101001011001010111
110001100111101000010001
110001100101110111111110
110001100100001000011111
110001100010011001110101
110001100000101011111111
110001011110111110111110
110001011101010010110011
110001011011100111011101
110001011001111100111101
110001011000010011010011
110001010110101010011111
110001010101000010100011
110001010011011011011101
110001010001110101001111
110001010000001111111001
110001001110101011011010
110001001101000111110100
110001001011100101000111
110001001010000011010010
110001001000100010010110
110001000111000010010100
110001000101100011001011
110001000100000100111100
110001000010100111101000
110001000001001011001110
110000111111101111101111
110000111110010101001010
110000111100111011100001
110000111011100010110100
110000111010001011000010
110000111000110100001100
110000110111011110010011
110000110110001001010110
110000110100110101010110
110000110011100010010011
110000110010010000001101
110000110000111111000101
110000101111101110111011
110000101110011111101110
110000101101010001100000
110000101100000100010000
110000101010110111111111
110000101001101100101101
110000101000100010011010
110000100111011001000110
110000100110010000110010
110000100101001001011110
110000100100000011001001
110000100010111101110101
110000100001111001100001
110000100000110110001110
110000011111110011111011
110000011110110010101010
110000011101110010011001
110000011100110011001011
110000011011110100111101
110000011010110111110001
110000011001111011101000
110000011001000000100000
110000011000000110011011
110000010111001101011000
110000010110010101011000
110000010101011110011010
110000010100101000100000
110000010011110011101000
110000010010111111110100
110000010010001101000011
110000010001011011010110
110000010000101010101100
110000001111111011000111
110000001111001100100101
110000001110011111001000
110000001101110010101111
110000001101000111011010
110000001100011101001010
110000001011110011111110
110000001011001011110111
110000001010100100110101
110000001001111110111001
110000001001011010000001
110000001000110110001111
110000001000010011100010
110000000111110001111010
110000000111010001011000
110000000110110001111011
110000000110010011100101
110000000101110110010100
110000000101011010001001
110000000100111111000100
110000000100100101000110
110000000100001100001101
110000000011110100011011
110000000011011101101111
110000000011001000001001
110000000010110011101010
110000000010100000010010
110000000010001110000000
110000000001111100110100
110000000001101100110000
110000000001011101110010
110000000001001111111011
110000000001000011001010
110000000000110111100001
110000000000101100111110
110000000000100011100010
110000000000011011001110
110000000000010100000000
110000000000001101111001
110000000000001000111001
110000000000000101000001
110000000000000010001111
110000000000000000100101
