110000000000000000000001
110000000000001111110000
110000000000111110001100
110000000010001001000011
110000000011101100110100
110000000101100100111110
110000000111101100011001
110000001001111101110101
110000001100010100001111
110000001110101011001111
110000010000111111010011
110000010011001110000100
110000010101010110010000
110000010111010111101110
110000011001010011010001
110000011011001010011000
110000011100111110111101
110000011110110011000010
110000100000101000011011
110000100010100000101000
110000100100011100100001
110000100110011100011011
110000101000100000000011
110000101010100110100111
110000101100101110111110
110000101110110111110101
110000110000111111111011
110000110011000110001101
110000110101001001111101
110000110111001010110111
110000111001001001000011
110000111011000101000000
110000111100111111100000
110000111110111001100001
110001000000110100000000
110001000010101111110001
110001000100101101011011
110001000110101101010010
110001001000101111010010
110001001010110011000111
110001001100111000001011
110001001110111101101110
110001010001000011000000
110001010011000111010100
110001010101001010001000
110001010111001011001011
110001011001001010011011
110001011011001000001001
110001011101000100110001
110001011111000000111001
110001100000111101001100
110001100010111010001101
110001100100111000011100
110001100110111000001010
110001101000111001011010
110001101010111100000000
110001101100111111100101
110001101111000011101001
110001110001000111101010
110001110011001011000101
110001110101001101100001
110001110111001110101011
110001111001001110100000
110001111011001101001001
110001111101001010110111
110001111111001000000110
110010000001000101010100
110010000011000011000000
110010000101000001100001
110010000111000001001001
110010001001000001111100
110010001011000011110100
110010001101000110100011
110010001111001001110000
110010010001001101000010
110010010011001111111101
110010010101010010001010
110010010111010011011010
110010011001010011100110
110010011011010010110011
110010011101010001001101
110010011111001111001000
110010100001001100111100
110010100011001011000010
110010100101001001101111
110010100111001001010010
110010101001001001110001
110010101011001011001100
110010101101001101010111
110010101111010000000000
110010110001010010110011
110010110011010101011000
110010110101010111011100
110010110111011000101111
110010111001011001001011
110010111011011000110001
110010111101010111101001
110010111111010110000010
110011000001010100010001
110011000011010010101001
110011000101010001011110
110011000111010000111110
110011001001010001010001
110011001011010010010110
110011001101010100000111
110011001111010110010110
110011010001011000110010
110011010011011011000111
110011010101011101000011
110011010111011110011010
110011011001011111000001
110011011011011110111001
110011011101011110001000
110011011111011100111000
110011100001011011011011
110011100011011010000001
110011100101011000111101
110011100111011000011010
110011101001011000100011
110011101011011001011000
110011101101011010110110
110011101111011100110000
110011110001011110111010
110011110011100001000011
110011110101100010111001
110011110111100100010001
110011111001100101000001
110011111011100101001000
110011111101100100101000
110011111111100011101010
110100000001100010011101
110100000011100001001111
110100000101100000001111
110100000111011111101100
110100001001011111101101
110100001011100000010101
110100001101100001100011
110100001111100011001110
110100010001100101001001
110100010011100111000111
110100010101101000111001
110100010111101010010001
110100011001101011001000
110100011011101011011010
110100011101101011001000
110100011111101010011001
110100100001101001011001
110100100011101000010101
110100100101100111011010
110100100111100110110110
110100101001100110110001
110100101011100111010000
110100101101101000010000
110100101111101001101101
110100110001101011011101
110100110011101101010001
110100110101101110111110
110100110111110000011000
110100111001110001010100
110100111011110001101111
110100111101110001101001
110100111111110001000111
110101000001110000010010
110101000011101111010110
110101000101101110100000
110101000111101101111100
110101001001101101110010
110101001011101110001000
110101001101101110111101
110101001111110000001111
110101010001110001110011
110101010011110011100000
110101010101110101001001
110101010111110110100010
110101011001110111100011
110101011011111000000101
110101011101111000001001
110101011111110111110010
110101100001110111000111
110101100011110110010011
110101100101110101100001
110101100111110100111101
110101101001110100101111
110101101011110100111110
110101101101110101101011
110101101111110110110010
110101110001111000001101
110101110011111001110011
110101110101111011010111
110101110111111100110000
110101111001111101110100
110101111011111110011101
110101111101111110101010
110101111111111110011100
110110000001111101111010
110110000011111101001101
110110000101111100011111
110110000111111011111100
110110001001111011101011
110110001011111011110100
110110001101111100011000
110110001111111101010110
110110010001111110101001
110110010100000000001000
110110010110000001101000
110110011000000011000001
110110011010000100000111
110110011100000100110110
110110011110000101001010
110110100000000101000101
110110100010000100101011
110110100100000100000100
110110100110000011011011
110110101000000010111000
110110101010000010100101
110110101100000010101001
110110101110000011000110
110110110000000011111100
110110110010000101000111
110110110100000110011111
110110110110000111111100
110110111000001001010011
110110111010001010011100
110110111100001011001111
110110111110001011101010
110111000000001011101100
110111000010001011011010
110111000100001010111010
110111000110001010010100
110111001000001001110010
110111001010001001011110
110111001100001001011101
110111001110001001110100
110111010000001010100011
110111010010001011100111
110111010100001100111001
110111010110001110010010
110111011000001111100111
110111011010010000110001
110111011100010001101001
110111011110010010001010
110111100000010010010011
110111100010010010001000
110111100100010001101101
110111100110010001001011
110111101000010000101011
110111101010010000010101
110111101100010000010001
110111101110010000100010
110111110000010001001010
110111110010010010001000
110111110100010011010100
110111110110010100101001
110111111000010101111101
110111111010010111001000
110111111100011000000011
110111111110011000101001
111000000000011000111001
111000000010011000110100
111000000100011000011111
111000000110011000000001
111000001000010111100011
111000001010010111001100
111000001100010111000100
111000001110010111010001
111000010000010111110011
111000010010011000101010
111000010100011001110001
111000010110011011000010
111000011000011100010100
111000011010011101100000
111000011100011110011101
111000011110011111001000
111000100000011111011110
111000100010011111011111
111000100100011111001111
111000100110011110110101
111000101000011110011001
111000101010011110000010
111000101100011101111000
111000101110011110000000
111000110000011110011100
111000110010011111001101
111000110100100000001111
111000110110100001011100
111000111000100010101100
111000111010100011111000
111000111100100100111000
111000111110100101100111
111001000000100110000010
111001000010100110001001
111001000100100101111111
111001000110100101101001
111001001000100101001110
111001001010100100110111
111001001100100100101011
111001001110100100101111
111001010000100101000110
111001010010100101110010
111001010100100110101110
111001010110100111110111
111001011000101001000101
111001011010101010010001
111001011100101011010011
111001011110101100000110
111001100000101100100101
111001100010101100110010
111001100100101100101101
111001100110101100011011
111001101000101100000011
111001101010101011101100
111001101100101011011110
111001101110101011011110
111001110000101011110001
111001110010101100010111
111001110100101101001110
111001110110101110010011
111001111000101111011111
111001111010110000101010
111001111100110001101110
111001111110110010100100
111010000000110011001000
111010000010110011011010
111010000100110011011010
111010000110110011001100
111010001000110010110110
111010001010110010100000
111010001100110010010001
111010001110110010001110
111010010000110010011100
111010010010110010111101
111010010100110011110000
111010010110110100110000
111010011000110101111001
111010011010110111000100
111010011100111000001001
111010011110111001000010
111010100000111001101010
111010100010111010000001
111010100100111010000110
111010100110111001111100
111010101000111001101001
111010101010111001010100
111010101100111001000100
111010101110111000111110
111010110000111001001000
111010110010111001100100
111010110100111010010010
111010110110111011001111
111010111000111100010101
111010111010111101011110
111010111100111110100100
111010111110111111011111
111011000001000000001100
111011000011000000100111
111011000101000000110001
111011000111000000101011
111011001001000000011011
111011001011000000000111
111011001100111111110110
111011001110111111101110
111011010000111111110101
111011010011000000001100
111011010101000000110101
111011010111000001101110
111011011001000010110001
111011011011000011111001
111011011101000100111111
111011011111000101111101
111011100001000110101101
111011100011000111001101
111011100101000111011011
111011100111000111011001
111011101001000111001100
111011101011000110111010
111011101101000110101001
111011101111000110011111
111011110001000110100010
111011110011000110110101
111011110101000111011001
111011110111001000001110
111011111001001001001110
111011111011001010010100
111011111101001011011011
111011111111001100011010
111100000001001101001110
111100000011001101110001
111100000101001110000100
111100000111001110000111
111100001001001101111101
111100001011001101101100
111100001101001101011011
111100001111001101001111
111100010001001101001111
111100010011001101011110
111100010101001101111110
111100010111001110101111
111100011001001111101100
111100011011010000110000
111100011101010001110110
111100011111010010110111
111100100001010011101110
111100100011010100010101
111100100101010100101100
111100100111010100110011
111100101001010100101101
111100101011010100011110
111100101101010100001101
111100101111010100000000
111100110001010011111101
111100110011010100001001
111100110101010100100100
111100110111010101010000
111100111001010110001010
111100111011010111001100
111100111101011000010010
111100111111011001010100
111101000001011010001101
111101000011011010111001
111101000101011011010100
111101000111011011011111
111101001001011011011100
111101001011011011001111
111101001101011010111111
111101001111011010110001
111101010001011010101100
111101010011011010110011
111101010101011011001011
111101010111011011110011
111101011001011100101001
111101011011011101101001
111101011101011110101110
111101011111011111110001
111101100001100000101101
111101100011100001011100
111101100101100001111011
111101100111100010001010
111101101001100010001010
111101101011100010000000
111101101101100001110001
111101101111100001100010
111101110001100001011011
111101110011100001011111
111101110101100001110010
111101110111100010010110
111101111001100011001001
111101111011100100000110
111101111101100101001010
111101111111100110001110
111110000001100111001011
111110000011100111111110
111110000101101000100001
111110000111101000110100
111110001001101000111000
111110001011101000110001
111110001101101000100010
111110001111101000010011
111110010001101000001010
111110010011101000001011
111110010101101000011011
111110010111101000111010
111110011001101001101001
111110011011101010100100
111110011101101011100111
111110011111101100101011
111110100001101101101010
111110100011101110011111
111110100101101111000110
111110100111101111011101
111110101001101111100101
111110101011101111100001
111110101101101111010100
111110101111101111000101
111110110001101110111001
111110110011101110111000
111110110101101111000011
111110110111101111011111
111110111001110000001010
111110111011110001000010
111110111101110010000011
111110111111110011000111
111111000001110100001000
111111000011110101000000
111111000101110101101011
111111000111110110000110
111111001001110110010010
111111001011110110010000
111111001101110110000101
111111001111110101110110
111111010001110101101001
111111010011110101100101
111111010101110101101101
111111010111110110000101
111111011001110110101100
111111011011110111100001
111111011101111000100000
111111011111111001100100
111111100001111010100110
111111100011111011100000
111111100101111100001111
111111100111111100101110
111111101001111100111110
111111101011111100111111
111111101101111100110110
111111101111111100100111
111111110001111100011010
111111110011111100010011
111111110101111100010111
111111110111111100101011
111111111001111101001110
111111111011111110000000
111111111101111110111101
000000000000000000000000
000000000010000001000011
000000000100000010000000
000000000110000010110010
000000001000000011010101
000000001010000011101001
000000001100000011101101
000000001110000011100110
000000010000000011011001
000000010010000011001010
000000010100000011000001
000000010110000011000010
000000011000000011010010
000000011010000011110001
000000011100000100100000
000000011110000101011010
000000100000000110011100
000000100010000111100000
000000100100001000011111
000000100110001001010100
000000101000001001111011
000000101010001010010011
000000101100001010011011
000000101110001010010111
000000110000001010001010
000000110010001001111011
000000110100001001110000
000000110110001001101110
000000111000001001111010
000000111010001010010101
000000111100001011000000
000000111110001011111000
000001000000001100111001
000001000010001101111101
000001000100001110111110
000001000110001111110110
000001001000010000100001
000001001010010000111101
000001001100010001001000
000001001110010001000111
000001010000010000111011
000001010010010000101100
000001010100010000011111
000001010110010000011011
000001011000010000100011
000001011010010000111010
000001011100010001100001
000001011110010010010110
000001100000010011010101
000001100010010100011001
000001100100010101011100
000001100110010110010111
000001101000010111000110
000001101010010111100101
000001101100010111110101
000001101110010111110110
000001110000010111101101
000001110010010111011110
000001110100010111001111
000001110110010111001000
000001111000010111001100
000001111010010111011111
000001111100011000000010
000001111110011000110101
000010000000011001110010
000010000010011010110110
000010000100011011111010
000010000110011100110111
000010001000011101101010
000010001010011110001110
000010001100011110100001
000010001110011110100101
000010010000011110011110
000010010010011110001111
000010010100011110000000
000010010110011101110110
000010011000011101110110
000010011010011110000101
000010011100011110100100
000010011110011111010011
000010100000100000001111
000010100010100001010010
000010100100100010010111
000010100110100011010111
000010101000100100001101
000010101010100100110101
000010101100100101001101
000010101110100101010100
000010110000100101001111
000010110010100101000001
000010110100100100110001
000010110110100100100100
000010111000100100100001
000010111010100100101100
000010111100100101000111
000010111110100101110011
000011000000100110101100
000011000010100111101110
000011000100101000110100
000011000110101001110110
000011001000101010110000
000011001010101011011100
000011001100101011110111
000011001110101100000011
000011010000101100000000
000011010010101011110011
000011010100101011100010
000011010110101011010011
000011011000101011001101
000011011010101011010100
000011011100101011101011
000011011110101100010010
000011100000101101001001
000011100010101110001010
000011100100101111010000
000011100110110000010100
000011101000110001010001
000011101010110010000010
000011101100110010100010
000011101110110010110001
000011110000110010110001
000011110010110010100101
000011110100110010010100
000011110110110010000011
000011111000110001111001
000011111010110001111100
000011111100110010001111
000011111110110010110010
000100000000110011100110
000100000010110100100101
000100000100110101101100
000100000110110110110010
000100001000110111110010
000100001010111000100111
000100001100111001001011
000100001110111001011110
000100010000111001100001
000100010010111001010111
000100010100111001000110
000100010110111000110100
000100011000111000100111
000100011010111000100101
000100011100111000110011
000100011110111001010011
000100100000111010000011
000100100010111011000001
000100100100111100000111
000100100110111101001111
000100101000111110010010
000100101010111111001011
000100101100111111110100
000100101111000000001011
000100110001000000010010
000100110011000000001010
000100110100111111111001
000100110110111111100101
000100111000111111010101
000100111010111111001111
000100111100111111011001
000100111110111111110100
000101000001000000100001
000101000011000001011100
000101000101000010100010
000101000111000011101011
000101001001000100110001
000101001011000101101110
000101001101000110011100
000101001111000110111000
000101010001000111000010
000101010011000110111100
000101010101000110101100
000101010111000110010111
000101011001000110000100
000101011011000101111010
000101011101000101111111
000101011111000110010110
000101100001000110111110
000101100011000111110111
000101100101001000111100
000101100111001010000111
000101101001001011010000
000101101011001100010000
000101101101001101000011
000101101111001101100100
000101110001001101110010
000101110011001101101111
000101110101001101100000
000101110111001101001010
000101111001001100110100
000101111011001100100110
000101111101001100100110
000101111111001100111000
000110000001001101011100
000110000011001110010010
000110000101001111010110
000110000111010000100001
000110001001010001101101
000110001011010010110010
000110001101010011101001
000110001111010100001111
000110010001010100100010
000110010011010100100010
000110010101010100010100
000110010111010011111101
000110011001010011100101
000110011011010011010011
000110011101010011001110
000110011111010011011011
000110100001010011111010
000110100011010100101101
000110100101010101101111
000110100111010110111011
000110101001011000001001
000110101011011001010010
000110101101011010001110
000110101111011010111010
000110110001011011010001
000110110011011011010101
000110110101011011001001
000110110111011010110010
000110111001011010010111
000110111011011010000001
000110111101011001110111
000110111111011001111110
000111000001011010011001
000111000011011011001000
000111000101011100001000
000111000111011101010100
000111001001011110100100
000111001011011111110001
000111001101100000110011
000111001111100001100100
000111010001100010000000
000111010011100010001000
000111010101100001111110
000111010111100001100111
000111011001100001001011
000111011011100000110001
000111011101100000100001
000111011111100000100010
000111100001100000111000
000111100011100001100011
000111100101100010100000
000111100111100011101100
000111101001100100111110
000111101011100110001111
000111101101100111010110
000111101111101000001101
000111110001101000101111
000111110011101000111100
000111110101101000110100
000111110111101000011101
000111111001100111111111
000111111011100111100001
000111111101100111001100
000111111111100111000111
001000000001100111010111
001000000011100111111101
001000000101101000111000
001000000111101010000011
001000001001101011010111
001000001011101100101100
001000001101101101111000
001000001111101110110110
001000010001101111011110
001000010011101111101111
001000010101101111101011
001000010111101111010101
001000011001101110110101
001000011011101110010011
001000011101101101111000
001000011111101101101101
001000100001101101110110
001000100011101110010111
001000100101101111001111
001000100111110000011001
001000101001110001101110
001000101011110011000111
001000101101110100011001
001000101111110101011101
001000110001110110001100
001000110011110110100011
001000110101110110100010
001000110111110110001110
001000111001110101101100
001000111011110101000110
001000111101110100100110
001000111111110100010100
001001000001110100010110
001001000011110100110001
001001000101110101100100
001001000111110110101101
001001001001111000000100
001001001011111001100001
001001001101111010111001
001001001111111100000100
001001010001111100111010
001001010011111101010111
001001010101111101011011
001001010111111101001000
001001011001111100100101
001001011011111011111100
001001011101111011010101
001001011111111010111011
001001100001111010110110
001001100011111011001010
001001100101111011111001
001001100111111100111111
001001101001111110011000
001001101011111111111000
001001101110000001010111
001001110000000010101010
001001110010000011101000
001001110100000100001100
001001110110000100010101
001001111000000100000100
001001111010000011100001
001001111100000010110011
001001111110000010000110
001010000000000001100100
001010000010000001010110
001010000100000001100011
001010000110000010001100
001010001000000011010000
001010001010000100101001
001010001100000110001101
001010001110000111110011
001010010000001001001110
001010010010001010010101
001010010100001011000010
001010010110001011010001
001010011000001011000011
001010011010001010011111
001010011100001001101101
001010011110001000111001
001010100000001000001110
001010100010000111110111
001010100100000111111011
001010100110001000011101
001010101000001001011110
001010101010001010110111
001010101100001100100000
001010101110001110001101
001010110000001111110001
001010110010010001000011
001010110100010001111000
001010110110010010001110
001010111000010010000100
001010111010010001100000
001010111100010000101010
001010111110001111101110
001011000000001110111001
001011000010001110010111
001011000100001110010001
001011000110001110101100
001011001000001111101000
001011001010010001000010
001011001100010010101111
001011001110010100100011
001011010000010110010011
001011010010010111110000
001011010100011000110000
001011010110011001001111
001011011000011001001010
001011011010011000100110
001011011100010111101011
001011011110010110100111
001011100000010101100111
001011100010010100111000
001011100100010100100110
001011100110010100111000
001011101000010101101111
001011101010010111000111
001011101100011000111001
001011101110011010110111
001011110000011100110010
001011110010011110011101
001011110100011111101011
001011110110100000010011
001011111000100000010100
001011111010011111110001
001011111100011110110001
001011111110011101100011
001100000000011100010110
001100000010011011011000
001100000100011010111000
001100000110011010111111
001100001000011011101111
001100001010011101000111
001100001100011110111101
001100001110100001000110
001100010000100011010000
001100010010100101001010
001100010100100110101000
001100010110100111011101
001100011000100111100110
001100011010100111000011
001100011100100101111111
001100011110100100100101
001100100000100011001000
001100100010100001111000
001100100100100001000111
001100100110100000111111
001100101000100001100110
001100101010100010111101
001100101100100100111001
001100101110100111001110
001100110000101001101010
001100110010101011111001
001100110100101101101010
001100110110101110101111
001100111000101111000010
001100111010101110100010
001100111100101101010111
001100111110101011101111
001101000000101001111110
001101000010101000010111
001101000100100111001111
001101000110100110110101
001101001000100111010001
001101001010101000100100
001101001100101010101000
001101001110101101001101
001101010000110000000000
001101010010110010101001
001101010100110100110100
001101010110110110001111
001101011000110110101110
001101011010110110010001
001101011100110100111110
001101011110110011000100
001101100000110000111000
001101100010101110110011
001101100100101101001101
001101100110101100011010
001101101000101100100110
001101101010101101110110
001101101100110000000011
001101101110110010111110
001101110000110110010000
001101110010111001011101
001101110100111100001100
001101110110111110000100
001101111000111110110111
001101111010111110011111
001101111100111101000000
001101111110111010101100
001110000000110111111010
001110000010110101001001
001110000100110010110111
001110000110110001100000
001110001000110001010101
001110001010110010011111
001110001100110100111011
001110001110111000010110
001110010000111100010111
001110010011000000011011
001110010101000100000000
001110010111000110100110
001110011001000111110110
001110011011000111100100
001110011101000101110011
001110011111000010110100
001110100000111111000111
001110100010111011001111
001110100100110111110111
001110100110110101100101
001110101000110100110101
001110101010110101111000
001110101100111000101100
001110101110111101000000
001110110001000010010010
001110110011000111110101
001110110101001100111001
001110110111010000101110
001110111001010010101110
001110111011010010100101
001110111101010000001111
001110111111001100000000
001111000001000110011111
001111000011000000100000
001111000100111011000000
001111000110110110111101
001111001000110101001001
001111001010110110000011
001111001100111001110011
001111001111000000000101
001111010001001000001011
001111010011010001000010
001111010101011001011001
001111010111011111111101
001111011001100011100101
001111011011100011011111
001111011101011111011000
001111011111010111100101
001111100001001100111110
001111100011000001000011
001111100100110101101000
001111100110101100101111
001111101000101000010010
001111101010101001110000
001111101100110001111100
001111101111000000101101
001111110001010100110001
001111110011101011110001
001111110110000010001011
001111111000010011100111
001111111010011011000010
001111111100010011001100
001111111101110110111101
001111111111000001110100
001111111111110000010000
001111111111111111111111
001111111111110000010000
001111111111000001110100
001111111101110110111101
001111111100010011001100
001111111010011011000010
001111111000010011100111
001111110110000010001011
001111110011101011110001
001111110001010100110001
001111101111000000101101
001111101100110001111100
001111101010101001110000
001111101000101000010010
001111100110101100101111
001111100100110101101000
001111100011000001000011
001111100001001100111110
001111011111010111100101
001111011101011111011000
001111011011100011011111
001111011001100011100101
001111010111011111111101
001111010101011001011001
001111010011010001000010
001111010001001000001011
001111001111000000000101
001111001100111001110011
001111001010110110000011
001111001000110101001001
001111000110110110111101
001111000100111011000000
001111000011000000100000
001111000001000110011111
001110111111001100000000
001110111101010000001111
001110111011010010100101
001110111001010010101110
001110110111010000101110
001110110101001100111001
001110110011000111110101
001110110001000010010010
001110101110111101000000
001110101100111000101100
001110101010110101111000
001110101000110100110101
001110100110110101100101
001110100100110111110111
001110100010111011001111
001110100000111111000111
001110011111000010110100
001110011101000101110011
001110011011000111100100
001110011001000111110110
001110010111000110100110
001110010101000100000000
001110010011000000011011
001110010000111100010111
001110001110111000010110
001110001100110100111011
001110001010110010011111
001110001000110001010101
001110000110110001100000
001110000100110010110111
001110000010110101001001
001110000000110111111010
001101111110111010101100
001101111100111101000000
001101111010111110011111
001101111000111110110111
001101110110111110000100
001101110100111100001100
001101110010111001011101
001101110000110110010000
001101101110110010111110
001101101100110000000011
001101101010101101110110
001101101000101100100110
001101100110101100011010
001101100100101101001101
001101100010101110110011
001101100000110000111000
001101011110110011000100
001101011100110100111110
001101011010110110010001
001101011000110110101110
001101010110110110001111
001101010100110100110100
001101010010110010101001
001101010000110000000000
001101001110101101001101
001101001100101010101000
001101001010101000100100
001101001000100111010001
001101000110100110110101
001101000100100111001111
001101000010101000010111
001101000000101001111110
001100111110101011101111
001100111100101101010111
001100111010101110100010
001100111000101111000010
001100110110101110101111
001100110100101101101010
001100110010101011111001
001100110000101001101010
001100101110100111001110
001100101100100100111001
001100101010100010111101
001100101000100001100110
001100100110100000111111
001100100100100001000111
001100100010100001111000
001100100000100011001000
001100011110100100100101
001100011100100101111111
001100011010100111000011
001100011000100111100110
001100010110100111011101
001100010100100110101000
001100010010100101001010
001100010000100011010000
001100001110100001000110
001100001100011110111101
001100001010011101000111
001100001000011011101111
001100000110011010111111
001100000100011010111000
001100000010011011011000
001100000000011100010110
001011111110011101100011
001011111100011110110001
001011111010011111110001
001011111000100000010100
001011110110100000010011
001011110100011111101011
001011110010011110011101
001011110000011100110010
001011101110011010110111
001011101100011000111001
001011101010010111000111
001011101000010101101111
001011100110010100111000
001011100100010100100110
001011100010010100111000
001011100000010101100111
001011011110010110100111
001011011100010111101011
001011011010011000100110
001011011000011001001010
001011010110011001001111
001011010100011000110000
001011010010010111110000
001011010000010110010011
001011001110010100100011
001011001100010010101111
001011001010010001000010
001011001000001111101000
001011000110001110101100
001011000100001110010001
001011000010001110010111
001011000000001110111001
001010111110001111101110
001010111100010000101010
001010111010010001100000
001010111000010010000100
001010110110010010001110
001010110100010001111000
001010110010010001000011
001010110000001111110001
001010101110001110001101
001010101100001100100000
001010101010001010110111
001010101000001001011110
001010100110001000011101
001010100100000111111011
001010100010000111110111
001010100000001000001110
001010011110001000111001
001010011100001001101101
001010011010001010011111
001010011000001011000011
001010010110001011010001
001010010100001011000010
001010010010001010010101
001010010000001001001110
001010001110000111110011
001010001100000110001101
001010001010000100101001
001010001000000011010000
001010000110000010001100
001010000100000001100011
001010000010000001010110
001010000000000001100100
001001111110000010000110
001001111100000010110011
001001111010000011100001
001001111000000100000100
001001110110000100010101
001001110100000100001100
001001110010000011101000
001001110000000010101010
001001101110000001010111
001001101011111111111000
001001101001111110011000
001001100111111100111111
001001100101111011111001
001001100011111011001010
001001100001111010110110
001001011111111010111011
001001011101111011010101
001001011011111011111100
001001011001111100100101
001001010111111101001000
001001010101111101011011
001001010011111101010111
001001010001111100111010
001001001111111100000100
001001001101111010111001
001001001011111001100001
001001001001111000000100
001001000111110110101101
001001000101110101100100
001001000011110100110001
001001000001110100010110
001000111111110100010100
001000111101110100100110
001000111011110101000110
001000111001110101101100
001000110111110110001110
001000110101110110100010
001000110011110110100011
001000110001110110001100
001000101111110101011101
001000101101110100011001
001000101011110011000111
001000101001110001101110
001000100111110000011001
001000100101101111001111
001000100011101110010111
001000100001101101110110
001000011111101101101101
001000011101101101111000
001000011011101110010011
001000011001101110110101
001000010111101111010101
001000010101101111101011
001000010011101111101111
001000010001101111011110
001000001111101110110110
001000001101101101111000
001000001011101100101100
001000001001101011010111
001000000111101010000011
001000000101101000111000
001000000011100111111101
001000000001100111010111
000111111111100111000111
000111111101100111001100
000111111011100111100001
000111111001100111111111
000111110111101000011101
000111110101101000110100
000111110011101000111100
000111110001101000101111
000111101111101000001101
000111101101100111010110
000111101011100110001111
000111101001100100111110
000111100111100011101100
000111100101100010100000
000111100011100001100011
000111100001100000111000
000111011111100000100010
000111011101100000100001
000111011011100000110001
000111011001100001001011
000111010111100001100111
000111010101100001111110
000111010011100010001000
000111010001100010000000
000111001111100001100100
000111001101100000110011
000111001011011111110001
000111001001011110100100
000111000111011101010100
000111000101011100001000
000111000011011011001000
000111000001011010011001
000110111111011001111110
000110111101011001110111
000110111011011010000001
000110111001011010010111
000110110111011010110010
000110110101011011001001
000110110011011011010101
000110110001011011010001
000110101111011010111010
000110101101011010001110
000110101011011001010010
000110101001011000001001
000110100111010110111011
000110100101010101101111
000110100011010100101101
000110100001010011111010
000110011111010011011011
000110011101010011001110
000110011011010011010011
000110011001010011100101
000110010111010011111101
000110010101010100010100
000110010011010100100010
000110010001010100100010
000110001111010100001111
000110001101010011101001
000110001011010010110010
000110001001010001101101
000110000111010000100001
000110000101001111010110
000110000011001110010010
000110000001001101011100
000101111111001100111000
000101111101001100100110
000101111011001100100110
000101111001001100110100
000101110111001101001010
000101110101001101100000
000101110011001101101111
000101110001001101110010
000101101111001101100100
000101101101001101000011
000101101011001100010000
000101101001001011010000
000101100111001010000111
000101100101001000111100
000101100011000111110111
000101100001000110111110
000101011111000110010110
000101011101000101111111
000101011011000101111010
000101011001000110000100
000101010111000110010111
000101010101000110101100
000101010011000110111100
000101010001000111000010
000101001111000110111000
000101001101000110011100
000101001011000101101110
000101001001000100110001
000101000111000011101011
000101000101000010100010
000101000011000001011100
000101000001000000100001
000100111110111111110100
000100111100111111011001
000100111010111111001111
000100111000111111010101
000100110110111111100101
000100110100111111111001
000100110011000000001010
000100110001000000010010
000100101111000000001011
000100101100111111110100
000100101010111111001011
000100101000111110010010
000100100110111101001111
000100100100111100000111
000100100010111011000001
000100100000111010000011
000100011110111001010011
000100011100111000110011
000100011010111000100101
000100011000111000100111
000100010110111000110100
000100010100111001000110
000100010010111001010111
000100010000111001100001
000100001110111001011110
000100001100111001001011
000100001010111000100111
000100001000110111110010
000100000110110110110010
000100000100110101101100
000100000010110100100101
000100000000110011100110
000011111110110010110010
000011111100110010001111
000011111010110001111100
000011111000110001111001
000011110110110010000011
000011110100110010010100
000011110010110010100101
000011110000110010110001
000011101110110010110001
000011101100110010100010
000011101010110010000010
000011101000110001010001
000011100110110000010100
000011100100101111010000
000011100010101110001010
000011100000101101001001
000011011110101100010010
000011011100101011101011
000011011010101011010100
000011011000101011001101
000011010110101011010011
000011010100101011100010
000011010010101011110011
000011010000101100000000
000011001110101100000011
000011001100101011110111
000011001010101011011100
000011001000101010110000
000011000110101001110110
000011000100101000110100
000011000010100111101110
000011000000100110101100
000010111110100101110011
000010111100100101000111
000010111010100100101100
000010111000100100100001
000010110110100100100100
000010110100100100110001
000010110010100101000001
000010110000100101001111
000010101110100101010100
000010101100100101001101
000010101010100100110101
000010101000100100001101
000010100110100011010111
000010100100100010010111
000010100010100001010010
000010100000100000001111
000010011110011111010011
000010011100011110100100
000010011010011110000101
000010011000011101110110
000010010110011101110110
000010010100011110000000
000010010010011110001111
000010010000011110011110
000010001110011110100101
000010001100011110100001
000010001010011110001110
000010001000011101101010
000010000110011100110111
000010000100011011111010
000010000010011010110110
000010000000011001110010
000001111110011000110101
000001111100011000000010
000001111010010111011111
000001111000010111001100
000001110110010111001000
000001110100010111001111
000001110010010111011110
000001110000010111101101
000001101110010111110110
000001101100010111110101
000001101010010111100101
000001101000010111000110
000001100110010110010111
000001100100010101011100
000001100010010100011001
000001100000010011010101
000001011110010010010110
000001011100010001100001
000001011010010000111010
000001011000010000100011
000001010110010000011011
000001010100010000011111
000001010010010000101100
000001010000010000111011
000001001110010001000111
000001001100010001001000
000001001010010000111101
000001001000010000100001
000001000110001111110110
000001000100001110111110
000001000010001101111101
000001000000001100111001
000000111110001011111000
000000111100001011000000
000000111010001010010101
000000111000001001111010
000000110110001001101110
000000110100001001110000
000000110010001001111011
000000110000001010001010
000000101110001010010111
000000101100001010011011
000000101010001010010011
000000101000001001111011
000000100110001001010100
000000100100001000011111
000000100010000111100000
000000100000000110011100
000000011110000101011010
000000011100000100100000
000000011010000011110001
000000011000000011010010
000000010110000011000010
000000010100000011000001
000000010010000011001010
000000010000000011011001
000000001110000011100110
000000001100000011101101
000000001010000011101001
000000001000000011010101
000000000110000010110010
000000000100000010000000
000000000010000001000011
000000000000000000000000
111111111101111110111101
111111111011111110000000
111111111001111101001110
111111110111111100101011
111111110101111100010111
111111110011111100010011
111111110001111100011010
111111101111111100100111
111111101101111100110110
111111101011111100111111
111111101001111100111110
111111100111111100101110
111111100101111100001111
111111100011111011100000
111111100001111010100110
111111011111111001100100
111111011101111000100000
111111011011110111100001
111111011001110110101100
111111010111110110000101
111111010101110101101101
111111010011110101100101
111111010001110101101001
111111001111110101110110
111111001101110110000101
111111001011110110010000
111111001001110110010010
111111000111110110000110
111111000101110101101011
111111000011110101000000
111111000001110100001000
111110111111110011000111
111110111101110010000011
111110111011110001000010
111110111001110000001010
111110110111101111011111
111110110101101111000011
111110110011101110111000
111110110001101110111001
111110101111101111000101
111110101101101111010100
111110101011101111100001
111110101001101111100101
111110100111101111011101
111110100101101111000110
111110100011101110011111
111110100001101101101010
111110011111101100101011
111110011101101011100111
111110011011101010100100
111110011001101001101001
111110010111101000111010
111110010101101000011011
111110010011101000001011
111110010001101000001010
111110001111101000010011
111110001101101000100010
111110001011101000110001
111110001001101000111000
111110000111101000110100
111110000101101000100001
111110000011100111111110
111110000001100111001011
111101111111100110001110
111101111101100101001010
111101111011100100000110
111101111001100011001001
111101110111100010010110
111101110101100001110010
111101110011100001011111
111101110001100001011011
111101101111100001100010
111101101101100001110001
111101101011100010000000
111101101001100010001010
111101100111100010001010
111101100101100001111011
111101100011100001011100
111101100001100000101101
111101011111011111110001
111101011101011110101110
111101011011011101101001
111101011001011100101001
111101010111011011110011
111101010101011011001011
111101010011011010110011
111101010001011010101100
111101001111011010110001
111101001101011010111111
111101001011011011001111
111101001001011011011100
111101000111011011011111
111101000101011011010100
111101000011011010111001
111101000001011010001101
111100111111011001010100
111100111101011000010010
111100111011010111001100
111100111001010110001010
111100110111010101010000
111100110101010100100100
111100110011010100001001
111100110001010011111101
111100101111010100000000
111100101101010100001101
111100101011010100011110
111100101001010100101101
111100100111010100110011
111100100101010100101100
111100100011010100010101
111100100001010011101110
111100011111010010110111
111100011101010001110110
111100011011010000110000
111100011001001111101100
111100010111001110101111
111100010101001101111110
111100010011001101011110
111100010001001101001111
111100001111001101001111
111100001101001101011011
111100001011001101101100
111100001001001101111101
111100000111001110000111
111100000101001110000100
111100000011001101110001
111100000001001101001110
111011111111001100011010
111011111101001011011011
111011111011001010010100
111011111001001001001110
111011110111001000001110
111011110101000111011001
111011110011000110110101
111011110001000110100010
111011101111000110011111
111011101101000110101001
111011101011000110111010
111011101001000111001100
111011100111000111011001
111011100101000111011011
111011100011000111001101
111011100001000110101101
111011011111000101111101
111011011101000100111111
111011011011000011111001
111011011001000010110001
111011010111000001101110
111011010101000000110101
111011010011000000001100
111011010000111111110101
111011001110111111101110
111011001100111111110110
111011001011000000000111
111011001001000000011011
111011000111000000101011
111011000101000000110001
111011000011000000100111
111011000001000000001100
111010111110111111011111
111010111100111110100100
111010111010111101011110
111010111000111100010101
111010110110111011001111
111010110100111010010010
111010110010111001100100
111010110000111001001000
111010101110111000111110
111010101100111001000100
111010101010111001010100
111010101000111001101001
111010100110111001111100
111010100100111010000110
111010100010111010000001
111010100000111001101010
111010011110111001000010
111010011100111000001001
111010011010110111000100
111010011000110101111001
111010010110110100110000
111010010100110011110000
111010010010110010111101
111010010000110010011100
111010001110110010001110
111010001100110010010001
111010001010110010100000
111010001000110010110110
111010000110110011001100
111010000100110011011010
111010000010110011011010
111010000000110011001000
111001111110110010100100
111001111100110001101110
111001111010110000101010
111001111000101111011111
111001110110101110010011
111001110100101101001110
111001110010101100010111
111001110000101011110001
111001101110101011011110
111001101100101011011110
111001101010101011101100
111001101000101100000011
111001100110101100011011
111001100100101100101101
111001100010101100110010
111001100000101100100101
111001011110101100000110
111001011100101011010011
111001011010101010010001
111001011000101001000101
111001010110100111110111
111001010100100110101110
111001010010100101110010
111001010000100101000110
111001001110100100101111
111001001100100100101011
111001001010100100110111
111001001000100101001110
111001000110100101101001
111001000100100101111111
111001000010100110001001
111001000000100110000010
111000111110100101100111
111000111100100100111000
111000111010100011111000
111000111000100010101100
111000110110100001011100
111000110100100000001111
111000110010011111001101
111000110000011110011100
111000101110011110000000
111000101100011101111000
111000101010011110000010
111000101000011110011001
111000100110011110110101
111000100100011111001111
111000100010011111011111
111000100000011111011110
111000011110011111001000
111000011100011110011101
111000011010011101100000
111000011000011100010100
111000010110011011000010
111000010100011001110001
111000010010011000101010
111000010000010111110011
111000001110010111010001
111000001100010111000100
111000001010010111001100
111000001000010111100011
111000000110011000000001
111000000100011000011111
111000000010011000110100
111000000000011000111001
110111111110011000101001
110111111100011000000011
110111111010010111001000
110111111000010101111101
110111110110010100101001
110111110100010011010100
110111110010010010001000
110111110000010001001010
110111101110010000100010
110111101100010000010001
110111101010010000010101
110111101000010000101011
110111100110010001001011
110111100100010001101101
110111100010010010001000
110111100000010010010011
110111011110010010001010
110111011100010001101001
110111011010010000110001
110111011000001111100111
110111010110001110010010
110111010100001100111001
110111010010001011100111
110111010000001010100011
110111001110001001110100
110111001100001001011101
110111001010001001011110
110111001000001001110010
110111000110001010010100
110111000100001010111010
110111000010001011011010
110111000000001011101100
110110111110001011101010
110110111100001011001111
110110111010001010011100
110110111000001001010011
110110110110000111111100
110110110100000110011111
110110110010000101000111
110110110000000011111100
110110101110000011000110
110110101100000010101001
110110101010000010100101
110110101000000010111000
110110100110000011011011
110110100100000100000100
110110100010000100101011
110110100000000101000101
110110011110000101001010
110110011100000100110110
110110011010000100000111
110110011000000011000001
110110010110000001101000
110110010100000000001000
110110010001111110101001
110110001111111101010110
110110001101111100011000
110110001011111011110100
110110001001111011101011
110110000111111011111100
110110000101111100011111
110110000011111101001101
110110000001111101111010
110101111111111110011100
110101111101111110101010
110101111011111110011101
110101111001111101110100
110101110111111100110000
110101110101111011010111
110101110011111001110011
110101110001111000001101
110101101111110110110010
110101101101110101101011
110101101011110100111110
110101101001110100101111
110101100111110100111101
110101100101110101100001
110101100011110110010011
110101100001110111000111
110101011111110111110010
110101011101111000001001
110101011011111000000101
110101011001110111100011
110101010111110110100010
110101010101110101001001
110101010011110011100000
110101010001110001110011
110101001111110000001111
110101001101101110111101
110101001011101110001000
110101001001101101110010
110101000111101101111100
110101000101101110100000
110101000011101111010110
110101000001110000010010
110100111111110001000111
110100111101110001101001
110100111011110001101111
110100111001110001010100
110100110111110000011000
110100110101101110111110
110100110011101101010001
110100110001101011011101
110100101111101001101101
110100101101101000010000
110100101011100111010000
110100101001100110110001
110100100111100110110110
110100100101100111011010
110100100011101000010101
110100100001101001011001
110100011111101010011001
110100011101101011001000
110100011011101011011010
110100011001101011001000
110100010111101010010001
110100010101101000111001
110100010011100111000111
110100010001100101001001
110100001111100011001110
110100001101100001100011
110100001011100000010101
110100001001011111101101
110100000111011111101100
110100000101100000001111
110100000011100001001111
110100000001100010011101
110011111111100011101010
110011111101100100101000
110011111011100101001000
110011111001100101000001
110011110111100100010001
110011110101100010111001
110011110011100001000011
110011110001011110111010
110011101111011100110000
110011101101011010110110
110011101011011001011000
110011101001011000100011
110011100111011000011010
110011100101011000111101
110011100011011010000001
110011100001011011011011
110011011111011100111000
110011011101011110001000
110011011011011110111001
110011011001011111000001
110011010111011110011010
110011010101011101000011
110011010011011011000111
110011010001011000110010
110011001111010110010110
110011001101010100000111
110011001011010010010110
110011001001010001010001
110011000111010000111110
110011000101010001011110
110011000011010010101001
110011000001010100010001
110010111111010110000010
110010111101010111101001
110010111011011000110001
110010111001011001001011
110010110111011000101111
110010110101010111011100
110010110011010101011000
110010110001010010110011
110010101111010000000000
110010101101001101010111
110010101011001011001100
110010101001001001110001
110010100111001001010010
110010100101001001101111
110010100011001011000010
110010100001001100111100
110010011111001111001000
110010011101010001001101
110010011011010010110011
110010011001010011100110
110010010111010011011010
110010010101010010001010
110010010011001111111101
110010010001001101000010
110010001111001001110000
110010001101000110100011
110010001011000011110100
110010001001000001111100
110010000111000001001001
110010000101000001100001
110010000011000011000000
110010000001000101010100
110001111111001000000110
110001111101001010110111
110001111011001101001001
110001111001001110100000
110001110111001110101011
110001110101001101100001
110001110011001011000101
110001110001000111101010
110001101111000011101001
110001101100111111100101
110001101010111100000000
110001101000111001011010
110001100110111000001010
110001100100111000011100
110001100010111010001101
110001100000111101001100
110001011111000000111001
110001011101000100110001
110001011011001000001001
110001011001001010011011
110001010111001011001011
110001010101001010001000
110001010011000111010100
110001010001000011000000
110001001110111101101110
110001001100111000001011
110001001010110011000111
110001001000101111010010
110001000110101101010010
110001000100101101011011
110001000010101111110001
110001000000110100000000
110000111110111001100001
110000111100111111100000
110000111011000101000000
110000111001001001000011
110000110111001010110111
110000110101001001111101
110000110011000110001101
110000110000111111111011
110000101110110111110101
110000101100101110111110
110000101010100110100111
110000101000100000000011
110000100110011100011011
110000100100011100100001
110000100010100000101000
110000100000101000011011
110000011110110011000010
110000011100111110111101
110000011011001010011000
110000011001010011010001
110000010111010111101110
110000010101010110010000
110000010011001110000100
110000010000111111010011
110000001110101011001111
110000001100010100001111
110000001001111101110101
110000000111101100011001
110000000101100100111110
110000000011101100110100
110000000010001001000011
110000000000111110001100
110000000000001111110000
