110000000000000000000001
110000000000011110110100
110000000001110101011010
110000000011110100011001
110000000110000111110100
110000001000011101010011
110000001010101001000111
110000001100101000000010
110000001110011110000000
110000010000010010011001
110000010010001011101100
110000010100001100101001
110000010110010011100010
110000011000011011111010
110000011010100001001111
110000011100100001001101
110000011110011100100111
110000100000010110100101
110000100010010010100110
110000100100010010101101
110000100110010110100001
110000101000011011110000
110000101010011111100101
110000101100100000001010
110000101110011101100100
110000110000011001100101
110000110010010110100100
110000110100010110001101
110000110110011000100111
110000111000011100011010
110000111010011111100010
110000111100100000011101
110000111110011110111011
110001000000011100000011
110001000010011001100100
110001000100011000111100
110001000110011010100001
110001001000011101011011
110001001010100000001000
110001001100100001010000
110001001110100000011010
110001010000011110001111
110001010010011100000111
110001010100011011010100
110001010110011100010110
110001011000011110101001
110001011010100001000010
110001011100100010010011
110001011110100001111010
110001100000100000010001
110001100010011110011011
110001100100011101100010
110001100110011110001001
110001101000100000000000
110001101010100010001000
110001101100100011011110
110001101110100011011011
110001110000100010001100
110001110010100000100110
110001110100011111101001
110001110110011111111101
110001111000100001011100
110001111010100011010101
110001111100100100101110
110001111110100100111100
110010000000100100000011
110010000010100010101010
110010000100100001101100
110010000110100001110001
110010001000100010111100
110010001010100100101000
110010001100100110000010
110010001110100110011101
110010010000100101110110
110010010010100100101010
110010010100100011101011
110010010110100011100101
110010011000100100011111
110010011010100110000000
110010011100100111011000
110010011110100111111110
110010100000100111100110
110010100010100110100110
110010100100100101101001
110010100110100101011001
110010101000100110000101
110010101010100111011010
110010101100101000110000
110010101110101001011111
110010110000101001010100
110010110010101000011111
110010110100100111100101
110010110110100111001101
110010111000100111101100
110010111010101000110111
110010111100101010001010
110010111110101010111111
110011000000101011000000
110011000010101010010101
110011000100101001011111
110011000110101001000010
110011001000101001010110
110011001010101010010110
110011001100101011100101
110011001110101100011111
110011010000101100101010
110011010010101100001010
110011010100101011011000
110011010110101010110111
110011011000101011000010
110011011010101011111000
110011011100101101000010
110011011110101101111110
110011100000101110010011
110011100010101101111100
110011100100101101001111
110011100110101100101100
110011101000101100101110
110011101010101101011011
110011101100101110100000
110011101110101111011110
110011110000101111111010
110011110010101111101101
110011110100101111000101
110011110110101110100001
110011111000101110011100
110011111010101111000000
110011111100101111111111
110011111110110000111110
110100000000110001100001
110100000010110001011100
110100000100110000111010
110100000110110000010110
110100001000110000001011
110100001010110000100111
110100001100110001100000
110100001110110010011110
110100010000110011000110
110100010010110011001001
110100010100110010101110
110100010110110010001010
110100011000110001111011
110100011010110010001111
110100011100110011000010
110100011110110011111111
110100100000110100101011
110100100010110100110101
110100100100110100100000
110100100110110011111111
110100101000110011101011
110100101010110011111000
110100101100110100100101
110100101110110101100000
110100110000110110001111
110100110010110110100000
110100110100110110010001
110100110110110101110010
110100111000110101011100
110100111010110101100011
110100111100110110001001
110100111110110111000001
110101000000110111110010
110101000010111000001010
110101000100111000000001
110101000110110111100110
110101001000110111001110
110101001010110111001111
110101001100110111101110
110101001110111000100011
110101010000111001010110
110101010010111001110010
110101010100111001110000
110101010110111001011000
110101011000111000111111
110101011010111000111011
110101011100111001010101
110101011110111010000101
110101100000111010111001
110101100010111011011010
110101100100111011011110
110101100110111011001010
110101101000111010110001
110101101010111010101001
110101101100111010111101
110101101110111011101001
110101110000111100011100
110101110010111101000000
110101110100111101001010
110101110110111100111011
110101111000111100100011
110101111010111100010111
110101111100111100100101
110101111110111101001101
110110000000111101111111
110110000010111110100111
110110000100111110110110
110110000110111110101011
110110001000111110010101
110110001010111110000110
110110001100111110001111
110110001110111110110010
110110010000111111100010
110110010011000000001100
110110010101000000100000
110110010111000000011011
110110011001000000000110
110110011010111111110110
110110011100111111111010
110110011111000000010111
110110100001000001000101
110110100011000001110001
110110100101000010001010
110110100111000010001001
110110101001000001111000
110110101011000001100110
110110101101000001100110
110110101111000001111110
110110110001000010101001
110110110011000011010110
110110110101000011110011
110110110111000011110111
110110111001000011101000
110110111011000011010110
110110111101000011010010
110110111111000011100110
110111000001000100001101
110111000011000100111010
110111000101000101011011
110111000111000101100100
110111001001000101011000
110111001011000101000110
110111001101000100111111
110111001111000101001110
110111010001000101110010
110111010011000110011111
110111010101000111000010
110111010111000111010000
110111011001000111001000
110111011011000110110111
110111011101000110101101
110111011111000110111000
110111100001000111011000
110111100011001000000011
110111100101001000101000
110111100111001000111011
110111101001001000110111
110111101011001000100111
110111101101001000011011
110111101111001000100010
110111110001001000111110
110111110011001001100111
110111110101001010001111
110111110111001010100101
110111111001001010100101
110111111011001010011000
110111111101001010001010
110111111111001010001101
111000000001001010100101
111000000011001011001100
111000000101001011110100
111000000111001100001110
111000001001001100010011
111000001011001100000111
111000001101001011111010
111000001111001011111000
111000010001001100001100
111000010011001100110001
111000010101001101011010
111000010111001101110111
111000011001001110000000
111000011011001101110111
111000011101001101101001
111000011111001101100101
111000100001001101110101
111000100011001110010110
111000100101001110111111
111000100111001111011111
111000101001001111101100
111000101011001111100110
111000101101001111011001
111000101111001111010010
111000110001001111011110
111000110011001111111100
111000110101010000100100
111000110111010001000110
111000111001010001010111
111000111011010001010101
111000111101010001001000
111000111111010001000000
111001000001010001000111
111001000011010001100011
111001000101010010001001
111001000111010010101101
111001001001010011000010
111001001011010011000011
111001001101010010111000
111001001111010010101110
111001010001010010110010
111001010011010011001010
111001010101010011101111
111001010111010100010100
111001011001010100101100
111001011011010100110001
111001011101010100100111
111001011111010100011100
111001100001010100011101
111001100011010100110001
111001100101010101010100
111001100111010101111010
111001101001010110010101
111001101011010110011110
111001101101010110010110
111001101111010110001011
111001110001010110001001
111001110011010110011001
111001110101010110111010
111001110111010111100000
111001111001010111111110
111001111011011000001010
111001111101011000000101
111001111111010111111010
111010000001010111110110
111010000011011000000010
111010000101011000100000
111010000111011001000110
111010001001011001100110
111010001011011001110101
111010001101011001110100
111010001111011001101001
111010010001011001100011
111010010011011001101100
111010010101011010000111
111010010111011010101011
111010011001011011001101
111010011011011011100000
111010011101011011100010
111010011111011011011000
111010100001011011010000
111010100011011011010110
111010100101011011101110
111010100111011100010001
111010101001011100110100
111010101011011101001010
111010101101011101001111
111010101111011101000111
111010110001011100111110
111010110011011101000001
111010110101011101010101
111010110111011101110111
111010111001011110011011
111010111011011110110100
111010111101011110111100
111010111111011110110110
111011000001011110101101
111011000011011110101101
111011000101011110111101
111011000111011111011101
111011001001100000000001
111011001011100000011101
111011001101100000101001
111011001111100000100101
111011010001100000011011
111011010011100000011001
111011010101100000100110
111011010111100001000011
111011011001100001100111
111011011011100010000101
111011011101100010010100
111011011111100010010011
111011100001100010001010
111011100011100010000110
111011100101100010010000
111011100111100010101010
111011101001100011001101
111011101011100011101101
111011101101100011111111
111011101111100100000001
111011110001100011111001
111011110011100011110011
111011110101100011111010
111011110111100100010001
111011111001100100110011
111011111011100101010101
111011111101100101101010
111011111111100101101111
111100000001100101101000
111100000011100101100000
111100000101100101100100
111100000111100101111001
111100001001100110011001
111100001011100110111100
111100001101100111010100
111100001111100111011100
111100010001100111010110
111100010011100111001110
111100010101100111001111
111100010111100111100001
111100011001101000000000
111100011011101000100010
111100011101101000111101
111100011111101001001000
111100100001101001000101
111100100011101000111100
111100100101101000111011
111100100111101001001001
111100101001101001100110
111100101011101010001001
111100101101101010100110
111100101111101010110100
111100110001101010110011
111100110011101010101011
111100110101101010101000
111100110111101010110010
111100111001101011001101
111100111011101011101111
111100111101101100001110
111100111111101100011111
111101000001101100100001
111101000011101100011001
111101000101101100010100
111101000111101100011100
111101001001101100110100
111101001011101101010101
111101001101101101110110
111101001111101110001010
111101010001101110001110
111101010011101110001000
111101010101101110000010
111101010111101110000111
111101011001101110011011
111101011011101110111100
111101011101101111011101
111101011111101111110100
111101100001101111111011
111101100011101111110110
111101100101101111101111
111101100111101111110010
111101101001110000000011
111101101011110000100010
111101101101110001000100
111101101111110001011101
111101110001110001101000
111101110011110001100101
111101110101110001011101
111101110111110001011101
111101111001110001101100
111101111011110010001000
111101111101110010101011
111101111111110011000110
111110000001110011010100
111110000011110011010011
111110000101110011001100
111110000111110011001001
111110001001110011010101
111110001011110011101111
111110001101110100010001
111110001111110100101111
111110010001110100111111
111110010011110101000001
111110010101110100111010
111110010111110100110110
111110011001110100111110
111110011011110101010110
111110011101110101110111
111110011111110110010111
111110100001110110101010
111110100011110110101110
111110100101110110101000
111110100111110110100011
111110101001110110101001
111110101011110110111110
111110101101110111011110
111110101111110111111110
111110110001111000010101
111110110011111000011100
111110110101111000010111
111110110111111000010000
111110111001111000010011
111110111011111000100110
111110111101111001000100
111110111111111001100110
111111000001111001111110
111111000011111010001000
111111000101111010000101
111111000111111001111110
111111001001111001111111
111111001011111010001110
111111001101111010101011
111111001111111011001100
111111010001111011101000
111111010011111011110101
111111010101111011110011
111111010111111011101100
111111011001111011101011
111111011011111011110111
111111011101111100010001
111111011111111100110011
111111100001111101010000
111111100011111101100000
111111100101111101100001
111111100111111101011010
111111101001111101010111
111111101011111101100000
111111101101111101111000
111111101111111110011010
111111110001111110111000
111111110011111111001011
111111110101111111001111
111111110111111111001001
111111111001111111000100
111111111011111111001010
111111111101111111100000
000000000000000000000000
000000000010000000100000
000000000100000000110110
000000000110000000111100
000000001000000000110111
000000001010000000110001
000000001100000000110101
000000001110000001001000
000000010000000001100110
000000010010000010001000
000000010100000010100000
000000010110000010101001
000000011000000010100110
000000011010000010011111
000000011100000010100000
000000011110000010110000
000000100000000011001101
000000100010000011101111
000000100100000100001001
000000100110000100010101
000000101000000100010100
000000101010000100001101
000000101100000100001011
000000101110000100011000
000000110000000100110100
000000110010000101010101
000000110100000101110010
000000110110000110000001
000000111000000110000010
000000111010000101111011
000000111100000101111000
000000111110000110000010
000001000000000110011010
000001000010000110111100
000001000100000111011010
000001000110000111101101
000001001000000111110000
000001001010000111101001
000001001100000111100100
000001001110000111101011
000001010000001000000010
000001010010001000100010
000001010100001001000010
000001010110001001010111
000001011000001001011101
000001011010001001011000
000001011100001001010010
000001011110001001010110
000001100000001001101001
000001100010001010001001
000001100100001010101010
000001100110001011000010
000001101000001011001010
000001101010001011000110
000001101100001010111111
000001101110001011000001
000001110000001011010001
000001110010001011101111
000001110100001100010001
000001110110001100101011
000001111000001100110111
000001111010001100110100
000001111100001100101101
000001111110001100101100
000010000000001100111010
000010000010001101010101
000010000100001101111000
000010000110001110010100
000010001000001110100011
000010001010001110100011
000010001100001110011011
000010001110001110011000
000010010000001110100011
000010010010001110111100
000010010100001111011110
000010010110001111111101
000010011000010000001110
000010011010010000010001
000010011100010000001010
000010011110010000000101
000010100000010000001100
000010100010010000100011
000010100100010001000100
000010100110010001100101
000010101000010001111001
000010101010010001111110
000010101100010001111000
000010101110010001110010
000010110000010001110110
000010110010010010001010
000010110100010010101011
000010110110010011001100
000010111000010011100100
000010111010010011101100
000010111100010011100111
000010111110010011011111
000011000000010011100001
000011000010010011110010
000011000100010100010001
000011000110010100110011
000011001000010101001110
000011001010010101011000
000011001100010101010101
000011001110010101001101
000011010000010101001100
000011010010010101011010
000011010100010101110111
000011010110010110011010
000011011000010110110111
000011011010010111000101
000011011100010111000100
000011011110010110111011
000011100000010110111000
000011100010010111000011
000011100100010111011110
000011100110011000000000
000011101000011000011111
000011101010011000110001
000011101100011000110010
000011101110011000101010
000011110000011000100100
000011110010011000101100
000011110100011001000100
000011110110011001100111
000011111000011010000111
000011111010011010011100
000011111100011010100000
000011111110011010011000
000100000000011010010001
000100000010011010010110
000100000100011010101011
000100000110011011001101
000100001000011011101111
000100001010011100000110
000100001100011100001101
000100001110011100000111
000100010000011011111111
000100010010011100000001
000100010100011100010011
000100010110011100110011
000100011000011101010110
000100011010011101110000
000100011100011101111010
000100011110011101110110
000100100000011101101101
000100100010011101101100
000100100100011101111011
000100100110011110011001
000100101000011110111101
000100101010011111011010
000100101100011111100111
000100101110011111100101
000100110000011111011011
000100110010011111010111
000100110100011111100011
000100110110011111111111
000100111000100000100011
000100111010100001000011
000100111100100001010011
000100111110100001010011
000101000000100001001010
000101000010100001000100
000101000100100001001100
000101000110100001100101
000101001000100010001001
000101001010100010101011
000101001100100010111111
000101001110100011000010
000101010000100010111001
000101010010100010110001
000101010100100010110110
000101010110100011001100
000101011000100011101111
000101011010100100010010
000101011100100100101010
000101011110100100110000
000101100000100100101000
000101100010100100011110
000101100100100100100000
000101100110100100110011
000101101000100101010101
000101101010100101111001
000101101100100110010100
000101101110100110011101
000101110000100110010111
000101110010100110001100
000101110100100110001011
000101110110100110011010
000101111000100110111010
000101111010100111100000
000101111100100111111110
000101111110101000001010
000110000000101000000110
000110000010100111111011
000110000100100111110110
000110000110101000000010
000110001000101000100000
000110001010101001000110
000110001100101001100111
000110001110101001110111
000110010000101001110101
000110010010101001101010
000110010100101001100010
000110010110101001101011
000110011000101010000110
000110011010101010101100
000110011100101011001111
000110011110101011100011
000110100000101011100100
000110100010101011011001
000110100100101011001111
000110100110101011010100
000110101000101011101100
000110101010101100010001
000110101100101100110110
000110101110101101001110
000110110000101101010010
000110110010101101001000
000110110100101100111101
000110110110101100111110
000110111000101101010011
000110111010101101110111
000110111100101110011101
000110111110101110111001
000111000000101111000000
000111000010101110111000
000111000100101110101011
000111000110101110101001
000111001000101110111010
000111001010101111011100
000111001100110000000100
000111001110110000100010
000111010000110000101110
000111010010110000100111
000111010100110000011010
000111010110110000010100
000111011000110000100001
000111011010110001000001
000111011100110001101010
000111011110110010001011
000111100000110010011011
000111100010110010010111
000111100100110010001001
000111100110110010000000
000111101000110010001001
000111101010110010100110
000111101100110011001111
000111101110110011110100
000111110000110100001000
000111110010110100000110
000111110100110011111001
000111110110110011101101
000111111000110011110010
000111111010110100001100
000111111100110100110100
000111111110110101011011
001000000000110101110011
001000000010110101110110
001000000100110101101000
001000000110110101011011
001000001000110101011011
001000001010110101110001
001000001100110110011001
001000001110110111000010
001000010000110111011110
001000010010110111100101
001000010100110111011001
001000010110110111001001
001000011000110111000101
001000011010110111011000
001000011100110111111101
001000011110111000101000
001000100000111001001000
001000100010111001010011
001000100100111001001001
001000100110111000111000
001000101000111000110000
001000101010111000111110
001000101100111001100001
001000101110111010001110
001000110000111010110010
001000110010111011000001
001000110100111010111010
001000110110111010101000
001000111000111010011100
001000111010111010100101
001000111100111011000110
001000111110111011110011
001001000000111100011010
001001000010111100101110
001001000100111100101010
001001000110111100011000
001001001000111100001001
001001001010111100001101
001001001100111100101010
001001001110111101010111
001001010000111110000010
001001010010111110011010
001001010100111110011010
001001010110111110001000
001001011000111101110111
001001011010111101110110
001001011100111110001111
001001011110111110111011
001001100000111111101001
001001100011000000000110
001001100101000000001010
001001100110111111111010
001001101000111111100101
001001101010111111100000
001001101100111111110100
001001101111000000011110
001001110001000001001110
001001110011000001110001
001001110101000001111010
001001110111000001101011
001001111001000001010101
001001111011000001001010
001001111101000001011001
001001111111000010000001
001010000001000010110011
001010000011000011011011
001010000101000011101001
001010000111000011011101
001010001001000011000101
001010001011000010110110
001010001101000011000000
001010001111000011100100
001010010001000100010111
001010010011000101000011
001010010101000101010111
001010010111000101001111
001010011001000100110110
001010011011000100100010
001010011101000100100110
001010011111000101000111
001010100001000101111011
001010100011000110101011
001010100101000111000101
001010100111000111000001
001010101001000110101000
001010101011000110010000
001010101101000110001110
001010101111000110101010
001010110001000111011101
001010110011001000010010
001010110101001000110001
001010110111001000110010
001010111001001000011010
001010111011000111111111
001010111101000111110110
001010111111001000001110
001011000001001000111111
001011000011001001110111
001011000101001010011101
001011000111001010100100
001011001001001010001110
001011001011001001101111
001011001101001001100000
001011001111001001110001
001011010001001010100000
001011010011001011011011
001011010101001100001000
001011010111001100010101
001011011001001100000001
001011011011001011100000
001011011101001011001011
001011011111001011010101
001011100001001100000001
001011100011001100111110
001011100101001101110001
001011100111001110000101
001011101001001101110110
001011101011001101010010
001011101101001100110111
001011101111001100111010
001011110001001101100010
001011110011001110100000
001011110101001111011001
001011110111001111110101
001011111001001111101010
001011111011001111000110
001011111101001110100100
001011111111001110011111
001100000001001111000010
001100000011010000000001
001100000101010001000000
001100000111010001100100
001100001001010001011111
001100001011010000111011
001100001101010000010011
001100001111010000000110
001100010001010000100010
001100010011010001100000
001100010101010010100101
001100010111010011010010
001100011001010011010100
001100011011010010110001
001100011101010010000100
001100011111010001101101
001100100001010010000010
001100100011010010111110
001100100101010100001000
001100100111010100111110
001100101001010101001001
001100101011010100101000
001100101101010011110110
001100101111010011010110
001100110001010011100001
001100110011010100011011
001100110101010101101010
001100110111010110101010
001100111001010110111110
001100111011010110100001
001100111101010101101011
001100111111010101000000
001101000001010101000001
001101000011010101110110
001101000101010111001001
001101000111011000010100
001101001001011000110011
001101001011011000011011
001101001101010111100001
001101001111010110101100
001101010001010110100001
001101010011010111010000
001101010101011000100110
001101010111011001111011
001101011001011010100111
001101011011011010010111
001101011101011001011010
001101011111011000011010
001101100001011000000010
001101100011011000101000
001101100101011010000000
001101100111011011100001
001101101001011100011011
001101101011011100010101
001101101101011011010110
001101101111011010001010
001101110001011001100011
001101110011011001111110
001101110101011011011000
001101110111011101000100
001101111001011110001111
001101111011011110010100
001101111101011101010110
001101111111011011111101
001110000001011011000100
001110000011011011010010
001110000101011100101011
001110000111011110100100
001110001001100000000011
001110001011100000010111
001110001101011111011010
001110001111011101110100
001110010001011100100101
001110010011011100100010
001110010101011101111000
001110010111100000000000
001110011001100001110111
001110011011100010011110
001110011101100001100101
001110011111011111101111
001110100001011110000110
001110100011011101101101
001110100101011110111110
001110100111100001010111
001110101001100011101010
001110101011100100101100
001110101101100011111001
001110101111100001110001
001110110001011111100110
001110110011011110110000
001110110101011111111000
001110110111100010100101
001110111001100101011111
001110111011100111000100
001110111101100110011100
001110111111100011111101
001111000001100001000101
001111000011011111100011
001111000101100000011110
001111000111100011100110
001111001001100111011001
001111001011101001110011
001111001101101001011100
001111001111100110011011
001111010001100010011100
001111010011011111110110
001111010101100000011011
001111010111100100010000
001111011001101001011111
001111011011101101010011
001111011101101101011010
001111011111101001011011
001111100001100011011001
001111100011011110110011
001111100101011110110001
001111100111100100000110
001111101001101100011110
001111101011110011010111
001111101101110100010100
001111101111101101100111
001111110001100010000000
001111110011010111111110
001111110101010110111001
001111110111100010101101
001111111001111000001100
001111111100001011100111
001111111110001010100110
001111111111100001001100
001111111111111111111111
001111111111100001001100
001111111110001010100110
001111111100001011100111
001111111001111000001100
001111110111100010101101
001111110101010110111001
001111110011010111111110
001111110001100010000000
001111101111101101100111
001111101101110100010100
001111101011110011010111
001111101001101100011110
001111100111100100000110
001111100101011110110001
001111100011011110110011
001111100001100011011001
001111011111101001011011
001111011101101101011010
001111011011101101010011
001111011001101001011111
001111010111100100010000
001111010101100000011011
001111010011011111110110
001111010001100010011100
001111001111100110011011
001111001101101001011100
001111001011101001110011
001111001001100111011001
001111000111100011100110
001111000101100000011110
001111000011011111100011
001111000001100001000101
001110111111100011111101
001110111101100110011100
001110111011100111000100
001110111001100101011111
001110110111100010100101
001110110101011111111000
001110110011011110110000
001110110001011111100110
001110101111100001110001
001110101101100011111001
001110101011100100101100
001110101001100011101010
001110100111100001010111
001110100101011110111110
001110100011011101101101
001110100001011110000110
001110011111011111101111
001110011101100001100101
001110011011100010011110
001110011001100001110111
001110010111100000000000
001110010101011101111000
001110010011011100100010
001110010001011100100101
001110001111011101110100
001110001101011111011010
001110001011100000010111
001110001001100000000011
001110000111011110100100
001110000101011100101011
001110000011011011010010
001110000001011011000100
001101111111011011111101
001101111101011101010110
001101111011011110010100
001101111001011110001111
001101110111011101000100
001101110101011011011000
001101110011011001111110
001101110001011001100011
001101101111011010001010
001101101101011011010110
001101101011011100010101
001101101001011100011011
001101100111011011100001
001101100101011010000000
001101100011011000101000
001101100001011000000010
001101011111011000011010
001101011101011001011010
001101011011011010010111
001101011001011010100111
001101010111011001111011
001101010101011000100110
001101010011010111010000
001101010001010110100001
001101001111010110101100
001101001101010111100001
001101001011011000011011
001101001001011000110011
001101000111011000010100
001101000101010111001001
001101000011010101110110
001101000001010101000001
001100111111010101000000
001100111101010101101011
001100111011010110100001
001100111001010110111110
001100110111010110101010
001100110101010101101010
001100110011010100011011
001100110001010011100001
001100101111010011010110
001100101101010011110110
001100101011010100101000
001100101001010101001001
001100100111010100111110
001100100101010100001000
001100100011010010111110
001100100001010010000010
001100011111010001101101
001100011101010010000100
001100011011010010110001
001100011001010011010100
001100010111010011010010
001100010101010010100101
001100010011010001100000
001100010001010000100010
001100001111010000000110
001100001101010000010011
001100001011010000111011
001100001001010001011111
001100000111010001100100
001100000101010001000000
001100000011010000000001
001100000001001111000010
001011111111001110011111
001011111101001110100100
001011111011001111000110
001011111001001111101010
001011110111001111110101
001011110101001111011001
001011110011001110100000
001011110001001101100010
001011101111001100111010
001011101101001100110111
001011101011001101010010
001011101001001101110110
001011100111001110000101
001011100101001101110001
001011100011001100111110
001011100001001100000001
001011011111001011010101
001011011101001011001011
001011011011001011100000
001011011001001100000001
001011010111001100010101
001011010101001100001000
001011010011001011011011
001011010001001010100000
001011001111001001110001
001011001101001001100000
001011001011001001101111
001011001001001010001110
001011000111001010100100
001011000101001010011101
001011000011001001110111
001011000001001000111111
001010111111001000001110
001010111101000111110110
001010111011000111111111
001010111001001000011010
001010110111001000110010
001010110101001000110001
001010110011001000010010
001010110001000111011101
001010101111000110101010
001010101101000110001110
001010101011000110010000
001010101001000110101000
001010100111000111000001
001010100101000111000101
001010100011000110101011
001010100001000101111011
001010011111000101000111
001010011101000100100110
001010011011000100100010
001010011001000100110110
001010010111000101001111
001010010101000101010111
001010010011000101000011
001010010001000100010111
001010001111000011100100
001010001101000011000000
001010001011000010110110
001010001001000011000101
001010000111000011011101
001010000101000011101001
001010000011000011011011
001010000001000010110011
001001111111000010000001
001001111101000001011001
001001111011000001001010
001001111001000001010101
001001110111000001101011
001001110101000001111010
001001110011000001110001
001001110001000001001110
001001101111000000011110
001001101100111111110100
001001101010111111100000
001001101000111111100101
001001100110111111111010
001001100101000000001010
001001100011000000000110
001001100000111111101001
001001011110111110111011
001001011100111110001111
001001011010111101110110
001001011000111101110111
001001010110111110001000
001001010100111110011010
001001010010111110011010
001001010000111110000010
001001001110111101010111
001001001100111100101010
001001001010111100001101
001001001000111100001001
001001000110111100011000
001001000100111100101010
001001000010111100101110
001001000000111100011010
001000111110111011110011
001000111100111011000110
001000111010111010100101
001000111000111010011100
001000110110111010101000
001000110100111010111010
001000110010111011000001
001000110000111010110010
001000101110111010001110
001000101100111001100001
001000101010111000111110
001000101000111000110000
001000100110111000111000
001000100100111001001001
001000100010111001010011
001000100000111001001000
001000011110111000101000
001000011100110111111101
001000011010110111011000
001000011000110111000101
001000010110110111001001
001000010100110111011001
001000010010110111100101
001000010000110111011110
001000001110110111000010
001000001100110110011001
001000001010110101110001
001000001000110101011011
001000000110110101011011
001000000100110101101000
001000000010110101110110
001000000000110101110011
000111111110110101011011
000111111100110100110100
000111111010110100001100
000111111000110011110010
000111110110110011101101
000111110100110011111001
000111110010110100000110
000111110000110100001000
000111101110110011110100
000111101100110011001111
000111101010110010100110
000111101000110010001001
000111100110110010000000
000111100100110010001001
000111100010110010010111
000111100000110010011011
000111011110110010001011
000111011100110001101010
000111011010110001000001
000111011000110000100001
000111010110110000010100
000111010100110000011010
000111010010110000100111
000111010000110000101110
000111001110110000100010
000111001100110000000100
000111001010101111011100
000111001000101110111010
000111000110101110101001
000111000100101110101011
000111000010101110111000
000111000000101111000000
000110111110101110111001
000110111100101110011101
000110111010101101110111
000110111000101101010011
000110110110101100111110
000110110100101100111101
000110110010101101001000
000110110000101101010010
000110101110101101001110
000110101100101100110110
000110101010101100010001
000110101000101011101100
000110100110101011010100
000110100100101011001111
000110100010101011011001
000110100000101011100100
000110011110101011100011
000110011100101011001111
000110011010101010101100
000110011000101010000110
000110010110101001101011
000110010100101001100010
000110010010101001101010
000110010000101001110101
000110001110101001110111
000110001100101001100111
000110001010101001000110
000110001000101000100000
000110000110101000000010
000110000100100111110110
000110000010100111111011
000110000000101000000110
000101111110101000001010
000101111100100111111110
000101111010100111100000
000101111000100110111010
000101110110100110011010
000101110100100110001011
000101110010100110001100
000101110000100110010111
000101101110100110011101
000101101100100110010100
000101101010100101111001
000101101000100101010101
000101100110100100110011
000101100100100100100000
000101100010100100011110
000101100000100100101000
000101011110100100110000
000101011100100100101010
000101011010100100010010
000101011000100011101111
000101010110100011001100
000101010100100010110110
000101010010100010110001
000101010000100010111001
000101001110100011000010
000101001100100010111111
000101001010100010101011
000101001000100010001001
000101000110100001100101
000101000100100001001100
000101000010100001000100
000101000000100001001010
000100111110100001010011
000100111100100001010011
000100111010100001000011
000100111000100000100011
000100110110011111111111
000100110100011111100011
000100110010011111010111
000100110000011111011011
000100101110011111100101
000100101100011111100111
000100101010011111011010
000100101000011110111101
000100100110011110011001
000100100100011101111011
000100100010011101101100
000100100000011101101101
000100011110011101110110
000100011100011101111010
000100011010011101110000
000100011000011101010110
000100010110011100110011
000100010100011100010011
000100010010011100000001
000100010000011011111111
000100001110011100000111
000100001100011100001101
000100001010011100000110
000100001000011011101111
000100000110011011001101
000100000100011010101011
000100000010011010010110
000100000000011010010001
000011111110011010011000
000011111100011010100000
000011111010011010011100
000011111000011010000111
000011110110011001100111
000011110100011001000100
000011110010011000101100
000011110000011000100100
000011101110011000101010
000011101100011000110010
000011101010011000110001
000011101000011000011111
000011100110011000000000
000011100100010111011110
000011100010010111000011
000011100000010110111000
000011011110010110111011
000011011100010111000100
000011011010010111000101
000011011000010110110111
000011010110010110011010
000011010100010101110111
000011010010010101011010
000011010000010101001100
000011001110010101001101
000011001100010101010101
000011001010010101011000
000011001000010101001110
000011000110010100110011
000011000100010100010001
000011000010010011110010
000011000000010011100001
000010111110010011011111
000010111100010011100111
000010111010010011101100
000010111000010011100100
000010110110010011001100
000010110100010010101011
000010110010010010001010
000010110000010001110110
000010101110010001110010
000010101100010001111000
000010101010010001111110
000010101000010001111001
000010100110010001100101
000010100100010001000100
000010100010010000100011
000010100000010000001100
000010011110010000000101
000010011100010000001010
000010011010010000010001
000010011000010000001110
000010010110001111111101
000010010100001111011110
000010010010001110111100
000010010000001110100011
000010001110001110011000
000010001100001110011011
000010001010001110100011
000010001000001110100011
000010000110001110010100
000010000100001101111000
000010000010001101010101
000010000000001100111010
000001111110001100101100
000001111100001100101101
000001111010001100110100
000001111000001100110111
000001110110001100101011
000001110100001100010001
000001110010001011101111
000001110000001011010001
000001101110001011000001
000001101100001010111111
000001101010001011000110
000001101000001011001010
000001100110001011000010
000001100100001010101010
000001100010001010001001
000001100000001001101001
000001011110001001010110
000001011100001001010010
000001011010001001011000
000001011000001001011101
000001010110001001010111
000001010100001001000010
000001010010001000100010
000001010000001000000010
000001001110000111101011
000001001100000111100100
000001001010000111101001
000001001000000111110000
000001000110000111101101
000001000100000111011010
000001000010000110111100
000001000000000110011010
000000111110000110000010
000000111100000101111000
000000111010000101111011
000000111000000110000010
000000110110000110000001
000000110100000101110010
000000110010000101010101
000000110000000100110100
000000101110000100011000
000000101100000100001011
000000101010000100001101
000000101000000100010100
000000100110000100010101
000000100100000100001001
000000100010000011101111
000000100000000011001101
000000011110000010110000
000000011100000010100000
000000011010000010011111
000000011000000010100110
000000010110000010101001
000000010100000010100000
000000010010000010001000
000000010000000001100110
000000001110000001001000
000000001100000000110101
000000001010000000110001
000000001000000000110111
000000000110000000111100
000000000100000000110110
000000000010000000100000
000000000000000000000000
111111111101111111100000
111111111011111111001010
111111111001111111000100
111111110111111111001001
111111110101111111001111
111111110011111111001011
111111110001111110111000
111111101111111110011010
111111101101111101111000
111111101011111101100000
111111101001111101010111
111111100111111101011010
111111100101111101100001
111111100011111101100000
111111100001111101010000
111111011111111100110011
111111011101111100010001
111111011011111011110111
111111011001111011101011
111111010111111011101100
111111010101111011110011
111111010011111011110101
111111010001111011101000
111111001111111011001100
111111001101111010101011
111111001011111010001110
111111001001111001111111
111111000111111001111110
111111000101111010000101
111111000011111010001000
111111000001111001111110
111110111111111001100110
111110111101111001000100
111110111011111000100110
111110111001111000010011
111110110111111000010000
111110110101111000010111
111110110011111000011100
111110110001111000010101
111110101111110111111110
111110101101110111011110
111110101011110110111110
111110101001110110101001
111110100111110110100011
111110100101110110101000
111110100011110110101110
111110100001110110101010
111110011111110110010111
111110011101110101110111
111110011011110101010110
111110011001110100111110
111110010111110100110110
111110010101110100111010
111110010011110101000001
111110010001110100111111
111110001111110100101111
111110001101110100010001
111110001011110011101111
111110001001110011010101
111110000111110011001001
111110000101110011001100
111110000011110011010011
111110000001110011010100
111101111111110011000110
111101111101110010101011
111101111011110010001000
111101111001110001101100
111101110111110001011101
111101110101110001011101
111101110011110001100101
111101110001110001101000
111101101111110001011101
111101101101110001000100
111101101011110000100010
111101101001110000000011
111101100111101111110010
111101100101101111101111
111101100011101111110110
111101100001101111111011
111101011111101111110100
111101011101101111011101
111101011011101110111100
111101011001101110011011
111101010111101110000111
111101010101101110000010
111101010011101110001000
111101010001101110001110
111101001111101110001010
111101001101101101110110
111101001011101101010101
111101001001101100110100
111101000111101100011100
111101000101101100010100
111101000011101100011001
111101000001101100100001
111100111111101100011111
111100111101101100001110
111100111011101011101111
111100111001101011001101
111100110111101010110010
111100110101101010101000
111100110011101010101011
111100110001101010110011
111100101111101010110100
111100101101101010100110
111100101011101010001001
111100101001101001100110
111100100111101001001001
111100100101101000111011
111100100011101000111100
111100100001101001000101
111100011111101001001000
111100011101101000111101
111100011011101000100010
111100011001101000000000
111100010111100111100001
111100010101100111001111
111100010011100111001110
111100010001100111010110
111100001111100111011100
111100001101100111010100
111100001011100110111100
111100001001100110011001
111100000111100101111001
111100000101100101100100
111100000011100101100000
111100000001100101101000
111011111111100101101111
111011111101100101101010
111011111011100101010101
111011111001100100110011
111011110111100100010001
111011110101100011111010
111011110011100011110011
111011110001100011111001
111011101111100100000001
111011101101100011111111
111011101011100011101101
111011101001100011001101
111011100111100010101010
111011100101100010010000
111011100011100010000110
111011100001100010001010
111011011111100010010011
111011011101100010010100
111011011011100010000101
111011011001100001100111
111011010111100001000011
111011010101100000100110
111011010011100000011001
111011010001100000011011
111011001111100000100101
111011001101100000101001
111011001011100000011101
111011001001100000000001
111011000111011111011101
111011000101011110111101
111011000011011110101101
111011000001011110101101
111010111111011110110110
111010111101011110111100
111010111011011110110100
111010111001011110011011
111010110111011101110111
111010110101011101010101
111010110011011101000001
111010110001011100111110
111010101111011101000111
111010101101011101001111
111010101011011101001010
111010101001011100110100
111010100111011100010001
111010100101011011101110
111010100011011011010110
111010100001011011010000
111010011111011011011000
111010011101011011100010
111010011011011011100000
111010011001011011001101
111010010111011010101011
111010010101011010000111
111010010011011001101100
111010010001011001100011
111010001111011001101001
111010001101011001110100
111010001011011001110101
111010001001011001100110
111010000111011001000110
111010000101011000100000
111010000011011000000010
111010000001010111110110
111001111111010111111010
111001111101011000000101
111001111011011000001010
111001111001010111111110
111001110111010111100000
111001110101010110111010
111001110011010110011001
111001110001010110001001
111001101111010110001011
111001101101010110010110
111001101011010110011110
111001101001010110010101
111001100111010101111010
111001100101010101010100
111001100011010100110001
111001100001010100011101
111001011111010100011100
111001011101010100100111
111001011011010100110001
111001011001010100101100
111001010111010100010100
111001010101010011101111
111001010011010011001010
111001010001010010110010
111001001111010010101110
111001001101010010111000
111001001011010011000011
111001001001010011000010
111001000111010010101101
111001000101010010001001
111001000011010001100011
111001000001010001000111
111000111111010001000000
111000111101010001001000
111000111011010001010101
111000111001010001010111
111000110111010001000110
111000110101010000100100
111000110011001111111100
111000110001001111011110
111000101111001111010010
111000101101001111011001
111000101011001111100110
111000101001001111101100
111000100111001111011111
111000100101001110111111
111000100011001110010110
111000100001001101110101
111000011111001101100101
111000011101001101101001
111000011011001101110111
111000011001001110000000
111000010111001101110111
111000010101001101011010
111000010011001100110001
111000010001001100001100
111000001111001011111000
111000001101001011111010
111000001011001100000111
111000001001001100010011
111000000111001100001110
111000000101001011110100
111000000011001011001100
111000000001001010100101
110111111111001010001101
110111111101001010001010
110111111011001010011000
110111111001001010100101
110111110111001010100101
110111110101001010001111
110111110011001001100111
110111110001001000111110
110111101111001000100010
110111101101001000011011
110111101011001000100111
110111101001001000110111
110111100111001000111011
110111100101001000101000
110111100011001000000011
110111100001000111011000
110111011111000110111000
110111011101000110101101
110111011011000110110111
110111011001000111001000
110111010111000111010000
110111010101000111000010
110111010011000110011111
110111010001000101110010
110111001111000101001110
110111001101000100111111
110111001011000101000110
110111001001000101011000
110111000111000101100100
110111000101000101011011
110111000011000100111010
110111000001000100001101
110110111111000011100110
110110111101000011010010
110110111011000011010110
110110111001000011101000
110110110111000011110111
110110110101000011110011
110110110011000011010110
110110110001000010101001
110110101111000001111110
110110101101000001100110
110110101011000001100110
110110101001000001111000
110110100111000010001001
110110100101000010001010
110110100011000001110001
110110100001000001000101
110110011111000000010111
110110011100111111111010
110110011010111111110110
110110011001000000000110
110110010111000000011011
110110010101000000100000
110110010011000000001100
110110010000111111100010
110110001110111110110010
110110001100111110001111
110110001010111110000110
110110001000111110010101
110110000110111110101011
110110000100111110110110
110110000010111110100111
110110000000111101111111
110101111110111101001101
110101111100111100100101
110101111010111100010111
110101111000111100100011
110101110110111100111011
110101110100111101001010
110101110010111101000000
110101110000111100011100
110101101110111011101001
110101101100111010111101
110101101010111010101001
110101101000111010110001
110101100110111011001010
110101100100111011011110
110101100010111011011010
110101100000111010111001
110101011110111010000101
110101011100111001010101
110101011010111000111011
110101011000111000111111
110101010110111001011000
110101010100111001110000
110101010010111001110010
110101010000111001010110
110101001110111000100011
110101001100110111101110
110101001010110111001111
110101001000110111001110
110101000110110111100110
110101000100111000000001
110101000010111000001010
110101000000110111110010
110100111110110111000001
110100111100110110001001
110100111010110101100011
110100111000110101011100
110100110110110101110010
110100110100110110010001
110100110010110110100000
110100110000110110001111
110100101110110101100000
110100101100110100100101
110100101010110011111000
110100101000110011101011
110100100110110011111111
110100100100110100100000
110100100010110100110101
110100100000110100101011
110100011110110011111111
110100011100110011000010
110100011010110010001111
110100011000110001111011
110100010110110010001010
110100010100110010101110
110100010010110011001001
110100010000110011000110
110100001110110010011110
110100001100110001100000
110100001010110000100111
110100001000110000001011
110100000110110000010110
110100000100110000111010
110100000010110001011100
110100000000110001100001
110011111110110000111110
110011111100101111111111
110011111010101111000000
110011111000101110011100
110011110110101110100001
110011110100101111000101
110011110010101111101101
110011110000101111111010
110011101110101111011110
110011101100101110100000
110011101010101101011011
110011101000101100101110
110011100110101100101100
110011100100101101001111
110011100010101101111100
110011100000101110010011
110011011110101101111110
110011011100101101000010
110011011010101011111000
110011011000101011000010
110011010110101010110111
110011010100101011011000
110011010010101100001010
110011010000101100101010
110011001110101100011111
110011001100101011100101
110011001010101010010110
110011001000101001010110
110011000110101001000010
110011000100101001011111
110011000010101010010101
110011000000101011000000
110010111110101010111111
110010111100101010001010
110010111010101000110111
110010111000100111101100
110010110110100111001101
110010110100100111100101
110010110010101000011111
110010110000101001010100
110010101110101001011111
110010101100101000110000
110010101010100111011010
110010101000100110000101
110010100110100101011001
110010100100100101101001
110010100010100110100110
110010100000100111100110
110010011110100111111110
110010011100100111011000
110010011010100110000000
110010011000100100011111
110010010110100011100101
110010010100100011101011
110010010010100100101010
110010010000100101110110
110010001110100110011101
110010001100100110000010
110010001010100100101000
110010001000100010111100
110010000110100001110001
110010000100100001101100
110010000010100010101010
110010000000100100000011
110001111110100100111100
110001111100100100101110
110001111010100011010101
110001111000100001011100
110001110110011111111101
110001110100011111101001
110001110010100000100110
110001110000100010001100
110001101110100011011011
110001101100100011011110
110001101010100010001000
110001101000100000000000
110001100110011110001001
110001100100011101100010
110001100010011110011011
110001100000100000010001
110001011110100001111010
110001011100100010010011
110001011010100001000010
110001011000011110101001
110001010110011100010110
110001010100011011010100
110001010010011100000111
110001010000011110001111
110001001110100000011010
110001001100100001010000
110001001010100000001000
110001001000011101011011
110001000110011010100001
110001000100011000111100
110001000010011001100100
110001000000011100000011
110000111110011110111011
110000111100100000011101
110000111010011111100010
110000111000011100011010
110000110110011000100111
110000110100010110001101
110000110010010110100100
110000110000011001100101
110000101110011101100100
110000101100100000001010
110000101010011111100101
110000101000011011110000
110000100110010110100001
110000100100010010101101
110000100010010010100110
110000100000010110100101
110000011110011100100111
110000011100100001001101
110000011010100001001111
110000011000011011111010
110000010110010011100010
110000010100001100101001
110000010010001011101100
110000010000010010011001
110000001110011110000000
110000001100101000000010
110000001010101001000111
110000001000011101010011
110000000110000111110100
110000000011110100011001
110000000001110101011010
110000000000011110110100
