110000000000000000000001
110000000000000111110100
110000000000011111000110
110000000001000101100110
110000000001111010110110
110000000010111110001111
110000000100001110111101
110000000101101100000110
110000000111010100100111
110000001001000111011000
110000001011000011001001
110000001101000110101011
110000001111010000101011
110000010001011111110111
110000010011110010111101
110000010110001000110000
110000011000100000000111
110000011010110111111111
110000011101001111011011
110000011111100101100111
110000100001111001110101
110000100100001011100011
110000100110011010010101
110000101000100101111001
110000101010101110000111
110000101100110010111100
110000101110110100100001
110000110000110011000001
110000110010101110110000
110000110100101000000110
110000110110011111011110
110000111000010101010111
110000111010001010010000
110000111011111110101000
110000111101110011000000
110000111111100111110100
110001000001011101011110
110001000011010100010110
110001000101001100110000
110001000111000110111001
110001001001000010111100
110001001011000000111110
110001001101000001000000
110001001111000010111110
110001010001000110110000
110001010011001100001001
110001010101010010111011
110001010111011010110101
110001011001100011100011
110001011011101100110001
110001011101110110001010
110001011111111111011010
110001100010001000001110
110001100100010000010100
110001100110010111011110
110001101000011101100000
110001101010100010001110
110001101100100101100101
110001101110100111100000
110001110000101000000001
110001110010100111001010
110001110100100101000100
110001110110100001110110
110001111000011101101110
110001111010011000110111
110001111100010011100000
110001111110001101111010
110010000000001000010010
110010000010000010111000
110010000011111101111010
110010000101111001100101
110010000111110110000011
110010001001110011011100
110010001011110001111000
110010001101110001011010
110010001111110010000011
110010010001110011110010
110010010011110110100011
110010010101111010010000
110010010111111110110001
110010011010000011111100
110010011100001001100110
110010011110001111100011
110010100000010101101000
110010100010011011100111
110010100100100001010110
110010100110100110101001
110010101000101011010111
110010101010101111010111
110010101100110010100100
110010101110110100111001
110010110000110110010100
110010110010110110110100
110010110100110110011101
110010110110110101010001
110010111000110011010110
110010111010110000110100
110010111100101101110011
110010111110101010011110
110011000000100110111100
110011000010100011011010
110011000100100000000001
110011000110011100111011
110011001000011010010000
110011001010011000000111
110011001100010110101000
110011001110010101110111
110011010000010101110110
110011010010010110100111
110011010100011000001001
110011010110011010011001
110011011000011101010100
110011011010100000110100
110011011100100100110010
110011011110101001000111
110011100000101101101010
110011100010110010010010
110011100100110110110111
110011100110111011010000
110011101000111111010101
110011101011000010111111
110011101101000110001001
110011101111001000101100
110011110001001010100110
110011110011001011110101
110011110101001100011001
110011110111001100010011
110011111001001011100110
110011111011001010010110
110011111101001000101000
110011111111000110100010
110100000001000100001101
110100000011000001101111
110100000100111111001111
110100000110111100110111
110100001000111010101100
110100001010111000110110
110100001100110111011011
110100001110110110011111
110100010000110110000110
110100010010110110010011
110100010100110111000110
110100010110111000011111
110100011000111010011101
110100011010111100111011
110100011100111111110111
110100011111000011001011
110100100001000110110000
110100100011001010100001
110100100101001110010110
110100100111010010001001
110100101001010101110011
110100101011011001001101
110100101101011100010010
110100101111011110111101
110100110001100001001001
110100110011100010110101
110100110101100011111111
110100110111100100100110
110100111001100100101011
110100111011100100010000
110100111101100011011010
110100111111100010001011
110101000001100000101001
110101000011011110111010
110101000101011101000011
110101000111011011001011
110101001001011001011001
110101001011010111110010
110101001101010110011011
110101001111010101011011
110101010001010100110011
110101010011010100101001
110101010101010100111101
110101010111010101110001
110101011001010111000100
110101011011011000110110
110101011101011011000010
110101011111011101100111
110101100001100000100000
110101100011100011101000
110101100101100110111010
110101100111101010001111
110101101001101101100010
110101101011110000101110
110101101101110011101110
110101101111110110011011
110101110001111000110011
110101110011111010110010
110101110101111100010101
110101110111111101011011
110101111001111110000100
110101111011111110010001
110101111101111110000011
110101111111111101011101
110110000001111100100011
110110000011111011011000
110110000101111010000010
110110000111111000100101
110110001001110111001000
110110001011110101101110
110110001101110100011110
110110001111110011011100
110110010001110010101101
110110010011110010010011
110110010101110010010010
110110010111110010101011
110110011001110011011111
110110011011110100101110
110110011101110110010111
110110011111111000010111
110110100001111010101101
110110100011111101010011
110110100110000000000111
110110101000000011000011
110110101010000110000011
110110101100001001000001
110110101110001011111001
110110110000001110100110
110110110010010001000100
110110110100010011001111
110110110110010101000101
110110111000010110100010
110110111010010111100110
110110111100011000010001
110110111110011000100100
110111000000011000011111
110111000010011000000100
110111000100010111011000
110111000110010110011110
110111001000010101011001
110111001010010100001110
110111001100010011000011
110111001110010001111011
110111010000010000111011
110111010010010000000111
110111010100001111100100
110111010110001111010011
110111011000001111011000
110111011010001111110100
110111011100010000101000
110111011110010001110100
110111100000010011010111
110111100010010101001110
110111100100010111011001
110111100110011001110011
110111101000011100011000
110111101010011111000101
110111101100100001110101
110111101110100100100101
110111110000100111001110
110111110010101001101111
110111110100101100000001
110111110110101110000011
110111111000101111110010
110111111010110001001100
110111111100110010001111
110111111110110010111011
111000000000110011010010
111000000010110011010011
111000000100110011000001
111000000110110010011111
111000001000110001110000
111000001010110000111000
111000001100101111111011
111000001110101110111100
111000010000101110000001
111000010010101101001101
111000010100101100100011
111000010110101100001000
111000011000101011111110
111000011010101100001000
111000011100101100100110
111000011110101101011010
111000100000101110100011
111000100010110000000010
111000100100110001110011
111000100110110011110101
111000101000110110000101
111000101010111000100000
111000101100111011000010
111000101110111101100111
111000110001000000001011
111000110011000010101011
111000110101000101000001
111000110111000111001100
111000111001001001000111
111000111011001010110001
111000111101001100001000
111000111111001101001011
111001000001001101111000
111001000011001110010010
111001000101001110011000
111001000111001110001100
111001001001001101110010
111001001011001101001100
111001001101001100011101
111001001111001011101001
111001010001001010110101
111001010011001010000010
111001010101001001010111
111001010111001000110101
111001011001001000100000
111001011011001000011011
111001011101001000101000
111001011111001001001000
111001100001001001111100
111001100011001011000011
111001100101001100011110
111001100111001110001010
111001101001010000000110
111001101011010010001111
111001101101010100100010
111001101111010110111100
111001110001011001011001
111001110011011011110100
111001110101011110001100
111001110111100000011100
111001111001100010100000
111001111011100100010111
111001111101100101111110
111001111111100111010010
111010000001101000010100
111010000011101001000011
111010000101101001011110
111010000111101001101000
111010001001101001100010
111010001011101001001101
111010001101101000101110
111010001111101000000110
111010010001100111011010
111010010011100110101100
111010010101100110000001
111010010111100101011100
111010011001100100111111
111010011011100100101111
111010011101100100101110
111010011111100100111101
111010100001100101011110
111010100011100110010001
111010100101100111010111
111010100111101000101111
111010101001101010011000
111010101011101100001111
111010101101101110010011
111010101111110000100000
111010110001110010110011
111010110011110101001010
111010110101110111100000
111010110111111001110001
111010111001111011111100
111010111011111101111100
111010111101111111101111
111011000000000001010011
111011000010000010100110
111011000100000011101000
111011000110000100010111
111011001000000100110101
111011001010000101000001
111011001100000100111111
111011001110000100101111
111011010000000100010100
111011010010000011110010
111011010100000011001011
111011010110000010100011
111011011000000001111101
111011011010000001011100
111011011100000001000100
111011011110000000111000
111011100000000000111001
111011100010000001001010
111011100100000001101011
111011100110000010011110
111011101000000011100011
111011101010000100111001
111011101100000110011111
111011101110001000010010
111011110000001010010010
111011110010001100011011
111011110100001110101001
111011110110010000111011
111011111000010011001100
111011111010010101011010
111011111100010111100000
111011111110011001011101
111100000000011011001110
111100000010011100110000
111100000100011110000010
111100000110011111000100
111100001000011111110100
111100001010100000010011
111100001100100000100010
111100001110100000100010
111100010000100000010101
111100010010011111111110
111100010100011111100000
111100010110011110111101
111100011000011110011000
111100011010011101110110
111100011100011101011001
111100011110011101000100
111100100000011100111010
111100100010011100111101
111100100100011101001111
111100100110011101110001
111100101000011110100100
111100101010011111101000
111100101100100000111100
111100101110100010100000
111100110000100100010001
111100110010100110001101
111100110100101000010011
111100110110101010011110
111100111000101100101100
111100111010101110111010
111100111100110001000101
111100111110110011001000
111101000000110101000011
111101000010110110110010
111101000100111000010011
111101000110111001100100
111101001000111010100110
111101001010111011010110
111101001100111011110111
111101001110111100000111
111101010000111100001001
111101010010111011111111
111101010100111011101011
111101010110111011001111
111101011000111010101111
111101011010111010001110
111101011100111001101110
111101011110111001010011
111101100000111001000001
111101100010111000111000
111101100100111000111100
111101100110111001001111
111101101000111001110001
111101101010111010100100
111101101100111011100111
111101101110111100111010
111101110000111110011100
111101110011000000001011
111101110101000010000110
111101110111000100001001
111101111001000110010010
111101111011001000011101
111101111101001010101001
111101111111001100110010
111110000001001110110100
111110000011010000101101
111110000101010010011010
111110000111010011111011
111110001001010101001100
111110001011010110001110
111110001101010110111111
111110001111010111100000
111110010001010111110001
111110010011010111110101
111110010101010111101101
111110010111010111011010
111110011001010111000000
111110011011010110100010
111110011101010110000010
111110011111010101100101
111110100001010101001011
111110100011010100111010
111110100101010100110010
111110100111010100110111
111110101001010101001010
111110101011010101101100
111110101101010110011111
111110101111010111100001
111110110001011000110011
111110110011011010010100
111110110101011100000010
111110110111011101111011
111110111001011111111101
111110111011100010000100
111110111101100100001111
111110111111100110011001
111111000001101000100000
111111000011101010100010
111111000101101100011010
111111000111101110000111
111111001001101111100111
111111001011110000111001
111111001101110001111010
111111001111110010101100
111111010001110011001101
111111010011110011100000
111111010101110011100100
111111010111110011011101
111111011001110011001011
111111011011110010110011
111111011101110010010101
111111011111110001110111
111111100001110001011010
111111100011110001000001
111111100101110000110000
111111100111110000101001
111111101001110000101110
111111101011110001000000
111111101101110001100010
111111101111110010010100
111111110001110011010110
111111110011110100101000
111111110101110110001000
111111110111110111110110
111111111001111001101110
111111111011111011101111
111111111101111101110110
000000000000000000000000
000000000010000010001010
000000000100000100010001
000000000110000110010010
000000001000001000001010
000000001010001001111000
000000001100001011011000
000000001110001100101010
000000010000001101101100
000000010010001110011110
000000010100001111000000
000000010110001111010010
000000011000001111010111
000000011010001111010000
000000011100001110111111
000000011110001110100110
000000100000001110001001
000000100010001101101011
000000100100001101001101
000000100110001100110101
000000101000001100100011
000000101010001100011100
000000101100001100100000
000000101110001100110011
000000110000001101010100
000000110010001110000110
000000110100001111000111
000000110110010000011001
000000111000010001111001
000000111010010011100110
000000111100010101011110
000000111110010111100000
000001000000011001100111
000001000010011011110001
000001000100011101111100
000001000110100000000011
000001001000100010000101
000001001010100011111110
000001001100100101101100
000001001110100111001101
000001010000101000011111
000001010010101001100001
000001010100101010010100
000001010110101010110110
000001011000101011001001
000001011010101011001110
000001011100101011000110
000001011110101010110101
000001100000101010011011
000001100010101001111110
000001100100101001011110
000001100110101001000000
000001101000101000100110
000001101010101000010011
000001101100101000001011
000001101110101000001111
000001110000101000100000
000001110010101001000001
000001110100101001110010
000001110110101010110100
000001111000101100000101
000001111010101101100110
000001111100101111010011
000001111110110001001100
000010000000110011001110
000010000010110101010111
000010000100110111100011
000010000110111001101110
000010001000111011110111
000010001010111101111010
000010001100111111110101
000010001111000001100100
000010010001000011000110
000010010011000100011001
000010010101000101011100
000010010111000110001111
000010011001000110110001
000010011011000111000100
000010011101000111001000
000010011111000110111111
000010100001000110101101
000010100011000110010010
000010100101000101110010
000010100111000101010001
000010101001000100110001
000010101011000100010101
000010101101000100000001
000010101111000011110111
000010110001000011111001
000010110011000100001001
000010110101000100101010
000010110111000101011010
000010111001000110011100
000010111011000111101101
000010111101001001001110
000010111111001010111101
000011000001001100111000
000011000011001110111011
000011000101010001000110
000011000111010011010100
000011001001010101100010
000011001011010111101101
000011001101011001110011
000011001111011011101111
000011010001011101100000
000011010011011111000100
000011010101100000011000
000011010111100001011100
000011011001100010001111
000011011011100010110001
000011011101100011000011
000011011111100011000110
000011100001100010111100
000011100011100010100111
000011100101100010001010
000011100111100001101000
000011101001100001000011
000011101011100000100000
000011101101100000000010
000011101111011111101011
000011110001011111011110
000011110011011111011110
000011110101011111101101
000011110111100000001100
000011111001100000111100
000011111011100001111110
000011111101100011010000
000011111111100100110010
000100000001100110100011
000100000011101000100000
000100000101101010100110
000100000111101100110100
000100001001101111000101
000100001011110001010111
000100001101110011100101
000100001111110101101110
000100010001110111101110
000100010011111001100001
000100010101111011000111
000100010111111100011101
000100011001111101100010
000100011011111110010101
000100011101111110110110
000100011111111111000111
000100100001111111001000
000100100011111110111100
000100100101111110100100
000100100111111110000011
000100101001111101011101
000100101011111100110101
000100101101111100001110
000100101111111011101100
000100110001111011010001
000100110011111011000001
000100110101111010111111
000100110111111011001011
000100111001111011101001
000100111011111100011000
000100111101111101011010
000100111111111110101101
000101000010000000010001
000101000100000010000100
000101000110000100000100
000101001000000110001111
000101001010001000100000
000101001100001010110110
000101001110001101001101
000101010000001111100000
000101010010010001101101
000101010100010011110001
000101010110010101101000
000101011000010111010001
000101011010011000101001
000101011100011001101111
000101011110011010100010
000101100000011011000011
000101100010011011010010
000101100100011011010001
000101100110011011000001
000101101000011010100100
000101101010011001111111
000101101100011001010100
000101101110011000100110
000101110000010111111010
000101110010010111010010
000101110100010110110011
000101110110010110011110
000101111000010110011000
000101111010010110100010
000101111100010110111101
000101111110010111101100
000110000000011000101110
000110000010011010000010
000110000100011011101001
000110000110011101100000
000110001000011111100100
000110001010100001110100
000110001100100100001100
000110001110100110100111
000110010000101001000100
000110010010101011011110
000110010100101101110001
000110010110101111111010
000110011000110001110110
000110011010110011100010
000110011100110100111101
000110011110110110000100
000110100000110110111000
000110100010110111011000
000110100100110111100101
000110100110110111100000
000110101000110111001011
000110101010110110101001
000110101100110101111110
000110101110110101001011
000110110000110100010111
000110110010110011100011
000110110100110010110100
000110110110110010001110
000110111000110001110100
000110111010110001101000
000110111100110001101110
000110111110110010001000
000111000000110010110101
000111000010110011111000
000111000100110101001111
000111000110110110111001
000111001000111000110100
000111001010111010111111
000111001100111101010101
000111001110111111110101
000111010001000010011001
000111010011000100111110
000111010101000111100000
000111010111001001111011
000111011001001100001011
000111011011001110001101
000111011101001111111110
000111011111010001011101
000111100001010010100110
000111100011010011011010
000111100101010011111000
000111100111010100000010
000111101001010011111000
000111101011010011011101
000111101101010010110011
000111101111010001111111
000111110001010001000100
000111110011010000000101
000111110101001111001000
000111110111001110010000
000111111001001101100001
000111111011001100111111
000111111101001100101101
000111111111001100101110
001000000001001101000101
001000000011001101110001
001000000101001110110100
001000000111010000001110
001000001001010001111101
001000001011010011111111
001000001101010110010001
001000001111011000110010
001000010001011011011011
001000010011011110001011
001000010101100000111011
001000010111100011101000
001000011001100110001101
001000011011101000100111
001000011101101010110010
001000011111101100101001
001000100001101110001100
001000100011101111011000
001000100101110000001100
001000100111110000101000
001000101001110000101101
001000101011110000011100
001000101101101111111001
001000101111101111000101
001000110001101110000101
001000110011101100111101
001000110101101011110010
001000110111101010100111
001000111001101001100010
001000111011101000101000
001000111101100111111100
001000111111100111100001
001001000001100111011100
001001000011100111101111
001001000101101000011010
001001000111101001011110
001001001001101010111011
001001001011101100110001
001001001101101110111100
001001001111110001011010
001001010001110100000111
001001010011110110111111
001001010101111001111101
001001010111111100111101
001001011001111111111001
001001011100000010101101
001001011110000101010011
001001100000000111101001
001001100010001001101001
001001100100001011010010
001001100110001100100001
001001101000001101010101
001001101010001101101110
001001101100001101101101
001001101110001101010011
001001110000001100100100
001001110010001011100010
001001110100001010010010
001001110110001000111000
001001111000000111011011
001001111010000101111110
001001111100000100101000
001001111110000011011101
001010000000000010100011
001010000010000001111101
001010000100000001101111
001010000110000001111100
001010001000000010100101
001010001010000011101011
001010001100000101001110
001010001110000111001101
001010010000001001100101
001010010010001100010010
001010010100001111010010
001010010110010010011110
001010011000010101110001
001010011010011001000110
001010011100011100011000
001010011110011111100000
001010100000100010011001
001010100010100100111110
001010100100100111001010
001010100110101000111100
001010101000101010001111
001010101010101011000011
001010101100101011010111
001010101110101011001101
001010110000101010100101
001010110010101001100101
001010110100101000001110
001010110110100110100111
001010111000100100110101
001010111010100010111101
001010111100100001000110
001010111110011111010111
001011000000011101110101
001011000010011100100110
001011000100011011110000
001011000110011011010101
001011001000011011011010
001011001010011100000001
001011001100011101001011
001011001110011110110111
001011010000100001000011
001011010010100011101110
001011010100100110110011
001011010110101010001101
001011011000101101110111
001011011010110001101010
001011011100110101011111
001011011110111001010000
001011100000111100110101
001011100011000000001001
001011100101000011000101
001011100111000101100011
001011101001000111100001
001011101011001000111010
001011101101001001101101
001011101111001001111010
001011110001001001100001
001011110011001000100101
001011110101000111001010
001011110111000101010100
001011111001000011001001
001011111011000000110001
001011111100111110010001
001011111110111011110011
001100000000111001011110
001100000010110111011000
001100000100110101101010
001100000110110100011010
001100001000110011101101
001100001010110011100111
001100001100110100001011
001100001110110101011010
001100010000110111010100
001100010010111001110111
001100010100111101000001
001100010111000000101011
001100011001000100110000
001100011011001001001001
001100011101001101101110
001100011111010010010110
001100100001010110111001
001100100011011011001110
001100100101011111001100
001100100111100010101100
001100101001100101100111
001100101011100111110111
001100101101101001011001
001100101111101010001010
001100110001101010001001
001100110011101001011000
001100110101100111111001
001100110111100101110000
001100111001100011000101
001100111011011111111111
001100111101011100100110
001100111111011001000100
001101000001010101100010
001101000011010010001101
001101000101001111001100
001101000111001100101010
001101001001001010101111
001101001011001001100011
001101001101001001001100
001101001111001001101100
001101010001001011000111
001101010011001101011100
001101010101010000101001
001101010111010100101001
001101011001011001010111
001101011011011110101010
001101011101100100011001
001101011111101010011000
001101100001110000011101
001101100011110110011010
001101100101111100000100
001101101000000001001111
001101101010000101110000
001101101100001001011101
001101101110001100001110
001101110000001101111101
001101110010001110100110
001101110100001110001000
001101110110001100100100
001101111000001001111101
001101111010000110011011
001101111100000010000110
001101111101111101001000
001101111111110111101110
001110000001110010000110
001110000011101100100000
001110000101100111001001
001110000111100010010010
001110001001011110001010
001110001011011010111100
001110001101011000110110
001110001111010111111111
001110010001011000100000
001110010011011010011011
001110010101011101110010
001110010111100010100000
001110011001101000100010
001110011011101111101100
001110011101110111110010
001110100000000000100110
001110100010001001110110
001110100100010011001111
001110100110011100011101
001110101000100101001011
001110101010101101000101
001110101100110011110111
001110101110111001010000
001110110000111101000010
001110110010111111000000
001110110100111111000010
001110110110111101000100
001110111000111001000111
001110111010110011010000
001110111100101011101010
001110111110100010100010
001111000000011000001100
001111000010001101000000
001111000100000001011000
001111000101110101110000
001111000111101010101001
001111001001100000100010
001111001011010111111010
001111001101010001010000
001111001111001100111111
001111010001001011011111
001111010011001101000100
001111010101010001111001
001111010111011010000111
001111011001100101101011
001111011011110100011101
001111011110000110001011
001111100000011010011001
001111100010110000100101
001111100101001000000001
001111100111011111111001
001111101001110111010000
001111101100001101000011
001111101110100000001001
001111110000101111010101
001111110010111001010101
001111110100111100110111
001111110110111000101000
001111111000101011011001
001111111010010011111010
001111111011110001000011
001111111101000001110001
001111111110000101001010
001111111110111010011010
001111111111100000111010
001111111111111000001100
001111111111111111111111
001111111111111000001100
001111111111100000111010
001111111110111010011010
001111111110000101001010
001111111101000001110001
001111111011110001000011
001111111010010011111010
001111111000101011011001
001111110110111000101000
001111110100111100110111
001111110010111001010101
001111110000101111010101
001111101110100000001001
001111101100001101000011
001111101001110111010000
001111100111011111111001
001111100101001000000001
001111100010110000100101
001111100000011010011001
001111011110000110001011
001111011011110100011101
001111011001100101101011
001111010111011010000111
001111010101010001111001
001111010011001101000100
001111010001001011011111
001111001111001100111111
001111001101010001010000
001111001011010111111010
001111001001100000100010
001111000111101010101001
001111000101110101110000
001111000100000001011000
001111000010001101000000
001111000000011000001100
001110111110100010100010
001110111100101011101010
001110111010110011010000
001110111000111001000111
001110110110111101000100
001110110100111111000010
001110110010111111000000
001110110000111101000010
001110101110111001010000
001110101100110011110111
001110101010101101000101
001110101000100101001011
001110100110011100011101
001110100100010011001111
001110100010001001110110
001110100000000000100110
001110011101110111110010
001110011011101111101100
001110011001101000100010
001110010111100010100000
001110010101011101110010
001110010011011010011011
001110010001011000100000
001110001111010111111111
001110001101011000110110
001110001011011010111100
001110001001011110001010
001110000111100010010010
001110000101100111001001
001110000011101100100000
001110000001110010000110
001101111111110111101110
001101111101111101001000
001101111100000010000110
001101111010000110011011
001101111000001001111101
001101110110001100100100
001101110100001110001000
001101110010001110100110
001101110000001101111101
001101101110001100001110
001101101100001001011101
001101101010000101110000
001101101000000001001111
001101100101111100000100
001101100011110110011010
001101100001110000011101
001101011111101010011000
001101011101100100011001
001101011011011110101010
001101011001011001010111
001101010111010100101001
001101010101010000101001
001101010011001101011100
001101010001001011000111
001101001111001001101100
001101001101001001001100
001101001011001001100011
001101001001001010101111
001101000111001100101010
001101000101001111001100
001101000011010010001101
001101000001010101100010
001100111111011001000100
001100111101011100100110
001100111011011111111111
001100111001100011000101
001100110111100101110000
001100110101100111111001
001100110011101001011000
001100110001101010001001
001100101111101010001010
001100101101101001011001
001100101011100111110111
001100101001100101100111
001100100111100010101100
001100100101011111001100
001100100011011011001110
001100100001010110111001
001100011111010010010110
001100011101001101101110
001100011011001001001001
001100011001000100110000
001100010111000000101011
001100010100111101000001
001100010010111001110111
001100010000110111010100
001100001110110101011010
001100001100110100001011
001100001010110011100111
001100001000110011101101
001100000110110100011010
001100000100110101101010
001100000010110111011000
001100000000111001011110
001011111110111011110011
001011111100111110010001
001011111011000000110001
001011111001000011001001
001011110111000101010100
001011110101000111001010
001011110011001000100101
001011110001001001100001
001011101111001001111010
001011101101001001101101
001011101011001000111010
001011101001000111100001
001011100111000101100011
001011100101000011000101
001011100011000000001001
001011100000111100110101
001011011110111001010000
001011011100110101011111
001011011010110001101010
001011011000101101110111
001011010110101010001101
001011010100100110110011
001011010010100011101110
001011010000100001000011
001011001110011110110111
001011001100011101001011
001011001010011100000001
001011001000011011011010
001011000110011011010101
001011000100011011110000
001011000010011100100110
001011000000011101110101
001010111110011111010111
001010111100100001000110
001010111010100010111101
001010111000100100110101
001010110110100110100111
001010110100101000001110
001010110010101001100101
001010110000101010100101
001010101110101011001101
001010101100101011010111
001010101010101011000011
001010101000101010001111
001010100110101000111100
001010100100100111001010
001010100010100100111110
001010100000100010011001
001010011110011111100000
001010011100011100011000
001010011010011001000110
001010011000010101110001
001010010110010010011110
001010010100001111010010
001010010010001100010010
001010010000001001100101
001010001110000111001101
001010001100000101001110
001010001010000011101011
001010001000000010100101
001010000110000001111100
001010000100000001101111
001010000010000001111101
001010000000000010100011
001001111110000011011101
001001111100000100101000
001001111010000101111110
001001111000000111011011
001001110110001000111000
001001110100001010010010
001001110010001011100010
001001110000001100100100
001001101110001101010011
001001101100001101101101
001001101010001101101110
001001101000001101010101
001001100110001100100001
001001100100001011010010
001001100010001001101001
001001100000000111101001
001001011110000101010011
001001011100000010101101
001001011001111111111001
001001010111111100111101
001001010101111001111101
001001010011110110111111
001001010001110100000111
001001001111110001011010
001001001101101110111100
001001001011101100110001
001001001001101010111011
001001000111101001011110
001001000101101000011010
001001000011100111101111
001001000001100111011100
001000111111100111100001
001000111101100111111100
001000111011101000101000
001000111001101001100010
001000110111101010100111
001000110101101011110010
001000110011101100111101
001000110001101110000101
001000101111101111000101
001000101101101111111001
001000101011110000011100
001000101001110000101101
001000100111110000101000
001000100101110000001100
001000100011101111011000
001000100001101110001100
001000011111101100101001
001000011101101010110010
001000011011101000100111
001000011001100110001101
001000010111100011101000
001000010101100000111011
001000010011011110001011
001000010001011011011011
001000001111011000110010
001000001101010110010001
001000001011010011111111
001000001001010001111101
001000000111010000001110
001000000101001110110100
001000000011001101110001
001000000001001101000101
000111111111001100101110
000111111101001100101101
000111111011001100111111
000111111001001101100001
000111110111001110010000
000111110101001111001000
000111110011010000000101
000111110001010001000100
000111101111010001111111
000111101101010010110011
000111101011010011011101
000111101001010011111000
000111100111010100000010
000111100101010011111000
000111100011010011011010
000111100001010010100110
000111011111010001011101
000111011101001111111110
000111011011001110001101
000111011001001100001011
000111010111001001111011
000111010101000111100000
000111010011000100111110
000111010001000010011001
000111001110111111110101
000111001100111101010101
000111001010111010111111
000111001000111000110100
000111000110110110111001
000111000100110101001111
000111000010110011111000
000111000000110010110101
000110111110110010001000
000110111100110001101110
000110111010110001101000
000110111000110001110100
000110110110110010001110
000110110100110010110100
000110110010110011100011
000110110000110100010111
000110101110110101001011
000110101100110101111110
000110101010110110101001
000110101000110111001011
000110100110110111100000
000110100100110111100101
000110100010110111011000
000110100000110110111000
000110011110110110000100
000110011100110100111101
000110011010110011100010
000110011000110001110110
000110010110101111111010
000110010100101101110001
000110010010101011011110
000110010000101001000100
000110001110100110100111
000110001100100100001100
000110001010100001110100
000110001000011111100100
000110000110011101100000
000110000100011011101001
000110000010011010000010
000110000000011000101110
000101111110010111101100
000101111100010110111101
000101111010010110100010
000101111000010110011000
000101110110010110011110
000101110100010110110011
000101110010010111010010
000101110000010111111010
000101101110011000100110
000101101100011001010100
000101101010011001111111
000101101000011010100100
000101100110011011000001
000101100100011011010001
000101100010011011010010
000101100000011011000011
000101011110011010100010
000101011100011001101111
000101011010011000101001
000101011000010111010001
000101010110010101101000
000101010100010011110001
000101010010010001101101
000101010000001111100000
000101001110001101001101
000101001100001010110110
000101001010001000100000
000101001000000110001111
000101000110000100000100
000101000100000010000100
000101000010000000010001
000100111111111110101101
000100111101111101011010
000100111011111100011000
000100111001111011101001
000100110111111011001011
000100110101111010111111
000100110011111011000001
000100110001111011010001
000100101111111011101100
000100101101111100001110
000100101011111100110101
000100101001111101011101
000100100111111110000011
000100100101111110100100
000100100011111110111100
000100100001111111001000
000100011111111111000111
000100011101111110110110
000100011011111110010101
000100011001111101100010
000100010111111100011101
000100010101111011000111
000100010011111001100001
000100010001110111101110
000100001111110101101110
000100001101110011100101
000100001011110001010111
000100001001101111000101
000100000111101100110100
000100000101101010100110
000100000011101000100000
000100000001100110100011
000011111111100100110010
000011111101100011010000
000011111011100001111110
000011111001100000111100
000011110111100000001100
000011110101011111101101
000011110011011111011110
000011110001011111011110
000011101111011111101011
000011101101100000000010
000011101011100000100000
000011101001100001000011
000011100111100001101000
000011100101100010001010
000011100011100010100111
000011100001100010111100
000011011111100011000110
000011011101100011000011
000011011011100010110001
000011011001100010001111
000011010111100001011100
000011010101100000011000
000011010011011111000100
000011010001011101100000
000011001111011011101111
000011001101011001110011
000011001011010111101101
000011001001010101100010
000011000111010011010100
000011000101010001000110
000011000011001110111011
000011000001001100111000
000010111111001010111101
000010111101001001001110
000010111011000111101101
000010111001000110011100
000010110111000101011010
000010110101000100101010
000010110011000100001001
000010110001000011111001
000010101111000011110111
000010101101000100000001
000010101011000100010101
000010101001000100110001
000010100111000101010001
000010100101000101110010
000010100011000110010010
000010100001000110101101
000010011111000110111111
000010011101000111001000
000010011011000111000100
000010011001000110110001
000010010111000110001111
000010010101000101011100
000010010011000100011001
000010010001000011000110
000010001111000001100100
000010001100111111110101
000010001010111101111010
000010001000111011110111
000010000110111001101110
000010000100110111100011
000010000010110101010111
000010000000110011001110
000001111110110001001100
000001111100101111010011
000001111010101101100110
000001111000101100000101
000001110110101010110100
000001110100101001110010
000001110010101001000001
000001110000101000100000
000001101110101000001111
000001101100101000001011
000001101010101000010011
000001101000101000100110
000001100110101001000000
000001100100101001011110
000001100010101001111110
000001100000101010011011
000001011110101010110101
000001011100101011000110
000001011010101011001110
000001011000101011001001
000001010110101010110110
000001010100101010010100
000001010010101001100001
000001010000101000011111
000001001110100111001101
000001001100100101101100
000001001010100011111110
000001001000100010000101
000001000110100000000011
000001000100011101111100
000001000010011011110001
000001000000011001100111
000000111110010111100000
000000111100010101011110
000000111010010011100110
000000111000010001111001
000000110110010000011001
000000110100001111000111
000000110010001110000110
000000110000001101010100
000000101110001100110011
000000101100001100100000
000000101010001100011100
000000101000001100100011
000000100110001100110101
000000100100001101001101
000000100010001101101011
000000100000001110001001
000000011110001110100110
000000011100001110111111
000000011010001111010000
000000011000001111010111
000000010110001111010010
000000010100001111000000
000000010010001110011110
000000010000001101101100
000000001110001100101010
000000001100001011011000
000000001010001001111000
000000001000001000001010
000000000110000110010010
000000000100000100010001
000000000010000010001010
000000000000000000000000
111111111101111101110110
111111111011111011101111
111111111001111001101110
111111110111110111110110
111111110101110110001000
111111110011110100101000
111111110001110011010110
111111101111110010010100
111111101101110001100010
111111101011110001000000
111111101001110000101110
111111100111110000101001
111111100101110000110000
111111100011110001000001
111111100001110001011010
111111011111110001110111
111111011101110010010101
111111011011110010110011
111111011001110011001011
111111010111110011011101
111111010101110011100100
111111010011110011100000
111111010001110011001101
111111001111110010101100
111111001101110001111010
111111001011110000111001
111111001001101111100111
111111000111101110000111
111111000101101100011010
111111000011101010100010
111111000001101000100000
111110111111100110011001
111110111101100100001111
111110111011100010000100
111110111001011111111101
111110110111011101111011
111110110101011100000010
111110110011011010010100
111110110001011000110011
111110101111010111100001
111110101101010110011111
111110101011010101101100
111110101001010101001010
111110100111010100110111
111110100101010100110010
111110100011010100111010
111110100001010101001011
111110011111010101100101
111110011101010110000010
111110011011010110100010
111110011001010111000000
111110010111010111011010
111110010101010111101101
111110010011010111110101
111110010001010111110001
111110001111010111100000
111110001101010110111111
111110001011010110001110
111110001001010101001100
111110000111010011111011
111110000101010010011010
111110000011010000101101
111110000001001110110100
111101111111001100110010
111101111101001010101001
111101111011001000011101
111101111001000110010010
111101110111000100001001
111101110101000010000110
111101110011000000001011
111101110000111110011100
111101101110111100111010
111101101100111011100111
111101101010111010100100
111101101000111001110001
111101100110111001001111
111101100100111000111100
111101100010111000111000
111101100000111001000001
111101011110111001010011
111101011100111001101110
111101011010111010001110
111101011000111010101111
111101010110111011001111
111101010100111011101011
111101010010111011111111
111101010000111100001001
111101001110111100000111
111101001100111011110111
111101001010111011010110
111101001000111010100110
111101000110111001100100
111101000100111000010011
111101000010110110110010
111101000000110101000011
111100111110110011001000
111100111100110001000101
111100111010101110111010
111100111000101100101100
111100110110101010011110
111100110100101000010011
111100110010100110001101
111100110000100100010001
111100101110100010100000
111100101100100000111100
111100101010011111101000
111100101000011110100100
111100100110011101110001
111100100100011101001111
111100100010011100111101
111100100000011100111010
111100011110011101000100
111100011100011101011001
111100011010011101110110
111100011000011110011000
111100010110011110111101
111100010100011111100000
111100010010011111111110
111100010000100000010101
111100001110100000100010
111100001100100000100010
111100001010100000010011
111100001000011111110100
111100000110011111000100
111100000100011110000010
111100000010011100110000
111100000000011011001110
111011111110011001011101
111011111100010111100000
111011111010010101011010
111011111000010011001100
111011110110010000111011
111011110100001110101001
111011110010001100011011
111011110000001010010010
111011101110001000010010
111011101100000110011111
111011101010000100111001
111011101000000011100011
111011100110000010011110
111011100100000001101011
111011100010000001001010
111011100000000000111001
111011011110000000111000
111011011100000001000100
111011011010000001011100
111011011000000001111101
111011010110000010100011
111011010100000011001011
111011010010000011110010
111011010000000100010100
111011001110000100101111
111011001100000100111111
111011001010000101000001
111011001000000100110101
111011000110000100010111
111011000100000011101000
111011000010000010100110
111011000000000001010011
111010111101111111101111
111010111011111101111100
111010111001111011111100
111010110111111001110001
111010110101110111100000
111010110011110101001010
111010110001110010110011
111010101111110000100000
111010101101101110010011
111010101011101100001111
111010101001101010011000
111010100111101000101111
111010100101100111010111
111010100011100110010001
111010100001100101011110
111010011111100100111101
111010011101100100101110
111010011011100100101111
111010011001100100111111
111010010111100101011100
111010010101100110000001
111010010011100110101100
111010010001100111011010
111010001111101000000110
111010001101101000101110
111010001011101001001101
111010001001101001100010
111010000111101001101000
111010000101101001011110
111010000011101001000011
111010000001101000010100
111001111111100111010010
111001111101100101111110
111001111011100100010111
111001111001100010100000
111001110111100000011100
111001110101011110001100
111001110011011011110100
111001110001011001011001
111001101111010110111100
111001101101010100100010
111001101011010010001111
111001101001010000000110
111001100111001110001010
111001100101001100011110
111001100011001011000011
111001100001001001111100
111001011111001001001000
111001011101001000101000
111001011011001000011011
111001011001001000100000
111001010111001000110101
111001010101001001010111
111001010011001010000010
111001010001001010110101
111001001111001011101001
111001001101001100011101
111001001011001101001100
111001001001001101110010
111001000111001110001100
111001000101001110011000
111001000011001110010010
111001000001001101111000
111000111111001101001011
111000111101001100001000
111000111011001010110001
111000111001001001000111
111000110111000111001100
111000110101000101000001
111000110011000010101011
111000110001000000001011
111000101110111101100111
111000101100111011000010
111000101010111000100000
111000101000110110000101
111000100110110011110101
111000100100110001110011
111000100010110000000010
111000100000101110100011
111000011110101101011010
111000011100101100100110
111000011010101100001000
111000011000101011111110
111000010110101100001000
111000010100101100100011
111000010010101101001101
111000010000101110000001
111000001110101110111100
111000001100101111111011
111000001010110000111000
111000001000110001110000
111000000110110010011111
111000000100110011000001
111000000010110011010011
111000000000110011010010
110111111110110010111011
110111111100110010001111
110111111010110001001100
110111111000101111110010
110111110110101110000011
110111110100101100000001
110111110010101001101111
110111110000100111001110
110111101110100100100101
110111101100100001110101
110111101010011111000101
110111101000011100011000
110111100110011001110011
110111100100010111011001
110111100010010101001110
110111100000010011010111
110111011110010001110100
110111011100010000101000
110111011010001111110100
110111011000001111011000
110111010110001111010011
110111010100001111100100
110111010010010000000111
110111010000010000111011
110111001110010001111011
110111001100010011000011
110111001010010100001110
110111001000010101011001
110111000110010110011110
110111000100010111011000
110111000010011000000100
110111000000011000011111
110110111110011000100100
110110111100011000010001
110110111010010111100110
110110111000010110100010
110110110110010101000101
110110110100010011001111
110110110010010001000100
110110110000001110100110
110110101110001011111001
110110101100001001000001
110110101010000110000011
110110101000000011000011
110110100110000000000111
110110100011111101010011
110110100001111010101101
110110011111111000010111
110110011101110110010111
110110011011110100101110
110110011001110011011111
110110010111110010101011
110110010101110010010010
110110010011110010010011
110110010001110010101101
110110001111110011011100
110110001101110100011110
110110001011110101101110
110110001001110111001000
110110000111111000100101
110110000101111010000010
110110000011111011011000
110110000001111100100011
110101111111111101011101
110101111101111110000011
110101111011111110010001
110101111001111110000100
110101110111111101011011
110101110101111100010101
110101110011111010110010
110101110001111000110011
110101101111110110011011
110101101101110011101110
110101101011110000101110
110101101001101101100010
110101100111101010001111
110101100101100110111010
110101100011100011101000
110101100001100000100000
110101011111011101100111
110101011101011011000010
110101011011011000110110
110101011001010111000100
110101010111010101110001
110101010101010100111101
110101010011010100101001
110101010001010100110011
110101001111010101011011
110101001101010110011011
110101001011010111110010
110101001001011001011001
110101000111011011001011
110101000101011101000011
110101000011011110111010
110101000001100000101001
110100111111100010001011
110100111101100011011010
110100111011100100010000
110100111001100100101011
110100110111100100100110
110100110101100011111111
110100110011100010110101
110100110001100001001001
110100101111011110111101
110100101101011100010010
110100101011011001001101
110100101001010101110011
110100100111010010001001
110100100101001110010110
110100100011001010100001
110100100001000110110000
110100011111000011001011
110100011100111111110111
110100011010111100111011
110100011000111010011101
110100010110111000011111
110100010100110111000110
110100010010110110010011
110100010000110110000110
110100001110110110011111
110100001100110111011011
110100001010111000110110
110100001000111010101100
110100000110111100110111
110100000100111111001111
110100000011000001101111
110100000001000100001101
110011111111000110100010
110011111101001000101000
110011111011001010010110
110011111001001011100110
110011110111001100010011
110011110101001100011001
110011110011001011110101
110011110001001010100110
110011101111001000101100
110011101101000110001001
110011101011000010111111
110011101000111111010101
110011100110111011010000
110011100100110110110111
110011100010110010010010
110011100000101101101010
110011011110101001000111
110011011100100100110010
110011011010100000110100
110011011000011101010100
110011010110011010011001
110011010100011000001001
110011010010010110100111
110011010000010101110110
110011001110010101110111
110011001100010110101000
110011001010011000000111
110011001000011010010000
110011000110011100111011
110011000100100000000001
110011000010100011011010
110011000000100110111100
110010111110101010011110
110010111100101101110011
110010111010110000110100
110010111000110011010110
110010110110110101010001
110010110100110110011101
110010110010110110110100
110010110000110110010100
110010101110110100111001
110010101100110010100100
110010101010101111010111
110010101000101011010111
110010100110100110101001
110010100100100001010110
110010100010011011100111
110010100000010101101000
110010011110001111100011
110010011100001001100110
110010011010000011111100
110010010111111110110001
110010010101111010010000
110010010011110110100011
110010010001110011110010
110010001111110010000011
110010001101110001011010
110010001011110001111000
110010001001110011011100
110010000111110110000011
110010000101111001100101
110010000011111101111010
110010000010000010111000
110010000000001000010010
110001111110001101111010
110001111100010011100000
110001111010011000110111
110001111000011101101110
110001110110100001110110
110001110100100101000100
110001110010100111001010
110001110000101000000001
110001101110100111100000
110001101100100101100101
110001101010100010001110
110001101000011101100000
110001100110010111011110
110001100100010000010100
110001100010001000001110
110001011111111111011010
110001011101110110001010
110001011011101100110001
110001011001100011100011
110001010111011010110101
110001010101010010111011
110001010011001100001001
110001010001000110110000
110001001111000010111110
110001001101000001000000
110001001011000000111110
110001001001000010111100
110001000111000110111001
110001000101001100110000
110001000011010100010110
110001000001011101011110
110000111111100111110100
110000111101110011000000
110000111011111110101000
110000111010001010010000
110000111000010101010111
110000110110011111011110
110000110100101000000110
110000110010101110110000
110000110000110011000001
110000101110110100100001
110000101100110010111100
110000101010101110000111
110000101000100101111001
110000100110011010010101
110000100100001011100011
110000100001111001110101
110000011111100101100111
110000011101001111011011
110000011010110111111111
110000011000100000000111
110000010110001000110000
110000010011110010111101
110000010001011111110111
110000001111010000101011
110000001101000110101011
110000001011000011001001
110000001001000111011000
110000000111010100100111
110000000101101100000110
110000000100001110111101
110000000010111110001111
110000000001111010110110
110000000001000101100110
110000000000011111000110
110000000000000111110100
