110000000000000000000001
110000000000111010101011
110000000011000011110000
110000000101010100010010
110000000111001110101000
110000001001000101011000
110000001011001001001100
110000001101001111111100
110000001111001101100010
110000010001001000011011
110000010011001010010001
110000010101001110101100
110000010111001101100101
110000011001001001111111
110000011011001010111010
110000011101001110010000
110000011111001101110110
110000100001001011000100
110000100011001011011100
110000100101001110001000
110000100111001110001011
110000101001001011111011
110000101011001011111100
110000101101001110001011
110000101111001110100000
110000110001001100101011
110000110011001100011011
110000110101001110010011
110000110111001110110110
110000111001001101010101
110000111011001100111010
110000111101001110011111
110000111111001111001100
110001000001001101111101
110001000011001101011010
110001000101001110101110
110001000111001111100010
110001001001001110100010
110001001011001101111001
110001001101001110111111
110001001111001111111000
110001010001001111000101
110001010011001110011001
110001010101001111010010
110001010111010000001101
110001011001001111100111
110001011011001110111000
110001011101001111100110
110001011111010000100011
110001100001010000001000
110001100011001111011000
110001100101001111111011
110001100111010000111000
110001101001010000100111
110001101011001111111000
110001101101010000010001
110001101111010001001101
110001110001010001000110
110001110011010000011000
110001110101010000101000
110001110111010001100010
110001111001010001100011
110001111011010000111000
110001111101010001000000
110001111111010001111000
110010000001010010000000
110010000011010001010111
110010000101010001011001
110010000111010010001101
110010001001010010011100
110010001011010001110111
110010001101010001110011
110010001111010010100011
110010010001010010110111
110010010011010010010110
110010010101010010001101
110010010111010010111001
110010011001010011010010
110010011011010010110101
110010011101010010101000
110010011111010011001111
110010100001010011101100
110010100011010011010100
110010100101010011000011
110010100111010011100101
110010101001010100000110
110010101011010011110011
110010101101010011011111
110010101111010011111100
110010110001010100011111
110010110011010100010001
110010110101010011111011
110010110111010100010011
110010111001010100110111
110010111011010100101111
110010111101010100011000
110010111111010100101011
110011000001010101010000
110011000011010101001100
110011000101010100110100
110011000111010101000011
110011001001010101101000
110011001011010101101001
110011001101010101010010
110011001111010101011011
110011010001010110000000
110011010011010110000110
110011010101010101101111
110011010111010101110100
110011011001010110011000
110011011011010110100010
110011011101010110001100
110011011111010110001110
110011100001010110110000
110011100011010110111101
110011100101010110101010
110011100111010110100111
110011101001010111000111
110011101011010111011000
110011101101010111000111
110011101111010111000010
110011110001010111011111
110011110011010111110011
110011110101010111100100
110011110111010111011100
110011111001010111110111
110011111011011000001110
110011111101011000000010
110011111111010111110111
110100000001011000001111
110100000011011000101000
110100000101011000011111
110100000111011000010010
110100001001011000100111
110100001011011001000001
110100001101011000111100
110100001111011000101110
110100010001011000111111
110100010011011001011011
110100010101011001011001
110100010111011001001010
110100011001011001011000
110100011011011001110100
110100011101011001110101
110100011111011001100110
110100100001011001110000
110100100011011010001101
110100100101011010010001
110100100111011010000010
110100101001011010001010
110100101011011010100101
110100101101011010101101
110100101111011010011111
110100110001011010100011
110100110011011010111110
110100110101011011001001
110100110111011010111011
110100111001011010111101
110100111011011011010111
110100111101011011100100
110100111111011011011000
110101000001011011010111
110101000011011011101111
110101000101011011111111
110101000111011011110101
110101001001011011110001
110101001011011100001000
110101001101011100011010
110101001111011100010001
110101010001011100001100
110101010011011100100000
110101010101011100110100
110101010111011100101110
110101011001011100100110
110101011011011100111001
110101011101011101001110
110101011111011101001010
110101100001011101000010
110101100011011101010001
110101100101011101101000
110101100111011101100111
110101101001011101011101
110101101011011101101010
110101101101011110000010
110101101111011110000011
110101110001011101111001
110101110011011110000011
110101110101011110011011
110101110111011110011111
110101111001011110010100
110101111011011110011101
110101111101011110110100
110101111111011110111011
110110000001011110110000
110110000011011110110110
110110000101011111001101
110110000111011111010110
110110001001011111001101
110110001011011111010000
110110001101011111100110
110110001111011111110010
110110010001011111101001
110110010011011111101010
110110010101011111111111
110110010111100000001101
110110011001100000000101
110110011011100000000100
110110011101100000011000
110110011111100000101000
110110100001100000100001
110110100011100000011110
110110100101100000110001
110110100111100001000010
110110101001100000111101
110110101011100000111001
110110101101100001001010
110110101111100001011100
110110110001100001011010
110110110011100001010100
110110110101100001100011
110110110111100001110111
110110111001100001110110
110110111011100001101111
110110111101100001111100
110110111111100010010001
110111000001100010010010
110111000011100010001010
110111000101100010010101
110111000111100010101010
110111001001100010101110
110111001011100010100110
110111001101100010101111
110111001111100011000100
110111010001100011001001
110111010011100011000010
110111010101100011001000
110111010111100011011101
110111011001100011100101
110111011011100011011101
110111011101100011100010
110111011111100011110111
110111100001100100000000
110111100011100011111001
110111100101100011111100
110111100111100100010000
110111101001100100011011
110111101011100100010101
110111101101100100010110
110111101111100100101001
110111110001100100110110
110111110011100100110001
110111110101100100110000
110111110111100101000010
110111111001100101010001
110111111011100101001101
110111111101100101001011
110111111111100101011011
111000000001100101101011
111000000011100101101001
111000000101100101100110
111000000111100101110100
111000001001100110000110
111000001011100110000101
111000001101100110000001
111000001111100110001110
111000010001100110100000
111000010011100110100001
111000010101100110011100
111000010111100110100111
111000011001100110111010
111000011011100110111101
111000011101100110110111
111000011111100111000000
111000100001100111010100
111000100011100111011000
111000100101100111010011
111000100111100111011010
111000101001100111101101
111000101011100111110100
111000101101100111101110
111000101111100111110100
111000110001101000000111
111000110011101000001111
111000110101101000001010
111000110111101000001110
111000111001101000100000
111000111011101000101010
111000111101101000100110
111000111111101000101000
111001000001101000111010
111001000011101001000101
111001000101101001000001
111001000111101001000010
111001001001101001010011
111001001011101001100000
111001001101101001011101
111001001111101001011100
111001010001101001101100
111001010011101001111011
111001010101101001111001
111001010111101001110111
111001011001101010000101
111001011011101010010101
111001011101101010010101
111001011111101010010010
111001100001101010011111
111001100011101010110000
111001100101101010110001
111001100111101010101101
111001101001101010111000
111001101011101011001010
111001101101101011001100
111001101111101011001000
111001110001101011010010
111001110011101011100100
111001110101101011101000
111001110111101011100011
111001111001101011101011
111001111011101011111101
111001111101101100000011
111001111111101011111111
111010000001101100000101
111010000011101100010111
111010000101101100011111
111010000111101100011010
111010001001101100011111
111010001011101100110001
111010001101101100111010
111010001111101100110110
111010010001101100111001
111010010011101101001010
111010010101101101010101
111010010111101101010001
111010011001101101010011
111010011011101101100100
111010011101101101110000
111010011111101101101101
111010100001101101101110
111010100011101101111101
111010100101101110001011
111010100111101110001001
111010101001101110001000
111010101011101110010110
111010101101101110100101
111010101111101110100101
111010110001101110100011
111010110011101110110000
111010110101101110111111
111010110111101111000000
111010111001101110111110
111010111011101111001001
111010111101101111011010
111010111111101111011100
111011000001101111011001
111011000011101111100011
111011000101101111110100
111011000111101111111000
111011001001101111110100
111011001011101111111100
111011001101110000001110
111011001111110000010011
111011010001110000001111
111011010011110000010110
111011010101110000100111
111011010111110000101110
111011011001110000101011
111011011011110000110000
111011011101110001000001
111011011111110001001010
111011100001110001000110
111011100011110001001010
111011100101110001011011
111011100111110001100101
111011101001110001100010
111011101011110001100100
111011101101110001110100
111011101111110010000000
111011110001110001111101
111011110011110001111111
111011110101110010001110
111011110111110010011010
111011111001110010011001
111011111011110010011001
111011111101110010100111
111011111111110010110101
111100000001110010110101
111100000011110010110100
111100000101110011000001
111100000111110011001111
111100001001110011010000
111100001011110011001110
111100001101110011011010
111100001111110011101010
111100010001110011101100
111100010011110011101001
111100010101110011110100
111100010111110100000100
111100011001110100000111
111100011011110100000100
111100011101110100001101
111100011111110100011110
111100100001110100100011
111100100011110100100000
111100100101110100100111
111100100111110100111000
111100101001110100111110
111100101011110100111011
111100101101110101000001
111100101111110101010010
111100110001110101011001
111100110011110101010110
111100110101110101011011
111100110111110101101011
111100111001110101110101
111100111011110101110010
111100111101110101110101
111100111111110110000101
111101000001110110010000
111101000011110110001101
111101000101110110001111
111101000111110110011111
111101001001110110101010
111101001011110110101001
111101001101110110101010
111101001111110110111000
111101010001110111000101
111101010011110111000100
111101010101110111000100
111101010111110111010010
111101011001110111100000
111101011011110111100000
111101011101110111011111
111101011111110111101011
111101100001110111111010
111101100011110111111100
111101100101110111111010
111101100111111000000101
111101101001111000010100
111101101011111000010111
111101101101111000010101
111101101111111000011110
111101110001111000101110
111101110011111000110011
111101110101111000110000
111101110111111000111000
111101111001111001001000
111101111011111001001110
111101111101111001001011
111101111111111001010010
111110000001111001100010
111110000011111001101001
111110000101111001100110
111110000111111001101100
111110001001111001111100
111110001011111010000101
111110001101111010000010
111110001111111010000110
111110010001111010010110
111110010011111010100000
111110010101111010011101
111110010111111010100000
111110011001111010101111
111110011011111010111010
111110011101111010111001
111110011111111010111010
111110100001111011001001
111110100011111011010101
111110100101111011010100
111110100111111011010101
111110101001111011100010
111110101011111011110000
111110101101111011110000
111110101111111011101111
111110110001111011111100
111110110011111100001010
111110110101111100001100
111110110111111100001010
111110111001111100010110
111110111011111100100101
111110111101111100100111
111110111111111100100101
111111000001111100101111
111111000011111100111111
111111000101111101000011
111111000111111101000000
111111001001111101001001
111111001011111101011001
111111001101111101011110
111111001111111101011011
111111010001111101100011
111111010011111101110011
111111010101111101111001
111111010111111101110111
111111011001111101111101
111111011011111110001101
111111011101111110010101
111111011111111110010010
111111100001111110010111
111111100011111110100110
111111100101111110110000
111111100111111110101101
111111101001111110110001
111111101011111111000000
111111101101111111001011
111111101111111111001001
111111110001111111001011
111111110011111111011010
111111110101111111100101
111111110111111111100100
111111111001111111100101
111111111011111111110011
111111111110000000000000
000000000000000000000000
000000000010000000000000
000000000100000000001101
000000000110000000011011
000000001000000000011100
000000001010000000011011
000000001100000000100110
000000001110000000110101
000000010000000000110111
000000010010000000110101
000000010100000001000000
000000010110000001001111
000000011000000001010011
000000011010000001010000
000000011100000001011010
000000011110000001101001
000000100000000001101110
000000100010000001101011
000000100100000001110011
000000100110000010000011
000000101000000010001001
000000101010000010000111
000000101100000010001101
000000101110000010011101
000000110000000010100101
000000110010000010100010
000000110100000010100111
000000110110000010110111
000000111000000011000000
000000111010000010111101
000000111100000011000001
000000111110000011010001
000001000000000011011011
000001000010000011011001
000001000100000011011011
000001000110000011101010
000001001000000011110110
000001001010000011110100
000001001100000011110110
000001001110000100000100
000001010000000100010001
000001010010000100010000
000001010100000100010000
000001010110000100011110
000001011000000100101011
000001011010000100101100
000001011100000100101011
000001011110000100110111
000001100000000101000110
000001100010000101000111
000001100100000101000110
000001100110000101010001
000001101000000101100000
000001101010000101100011
000001101100000101100000
000001101110000101101010
000001110000000101111010
000001110010000101111110
000001110100000101111011
000001110110000110000100
000001111000000110010100
000001111010000110011010
000001111100000110010111
000001111110000110011110
000010000000000110101110
000010000010000110110101
000010000100000110110010
000010000110000110111000
000010001000000111001000
000010001010000111010000
000010001100000111001101
000010001110000111010010
000010010000000111100010
000010010010000111101011
000010010100000111101001
000010010110000111101100
000010011000000111111011
000010011010001000000110
000010011100001000000100
000010011110001000000110
000010100000001000010101
000010100010001000100001
000010100100001000100000
000010100110001000100000
000010101000001000101110
000010101010001000111100
000010101100001000111100
000010101110001000111011
000010110000001001001000
000010110010001001010110
000010110100001001010111
000010110110001001010110
000010111000001001100001
000010111010001001110001
000010111100001001110011
000010111110001001110000
000011000000001001111011
000011000010001010001011
000011000100001010001110
000011000110001010001011
000011001000001010010101
000011001010001010100101
000011001100001010101010
000011001110001010100111
000011010000001010101110
000011010010001010111111
000011010100001011000101
000011010110001011000010
000011011000001011001000
000011011010001011011001
000011011100001011100000
000011011110001011011101
000011100000001011100010
000011100010001011110011
000011100100001011111100
000011100110001011111001
000011101000001011111100
000011101010001100001100
000011101100001100010111
000011101110001100010100
000011110000001100010110
000011110010001100100110
000011110100001100110010
000011110110001100110000
000011111000001100110001
000011111010001100111111
000011111100001101001100
000011111110001101001011
000100000000001101001011
000100000010001101011001
000100000100001101100111
000100000110001101100111
000100001000001101100110
000100001010001101110010
000100001100001110000001
000100001110001110000011
000100010000001110000000
000100010010001110001100
000100010100001110011100
000100010110001110011110
000100011000001110011011
000100011010001110100101
000100011100001110110110
000100011110001110111010
000100100000001110110110
000100100010001110111111
000100100100001111010000
000100100110001111010101
000100101000001111010010
000100101010001111011001
000100101100001111101010
000100101110001111110001
000100110000001111101101
000100110010001111110010
000100110100010000000100
000100110110010000001100
000100111000010000001000
000100111010010000001100
000100111100010000011101
000100111110010000100111
000101000000010000100100
000101000010010000100110
000101000100010000110111
000101000110010001000010
000101001000010001000000
000101001010010001000001
000101001100010001010000
000101001110010001011101
000101010000010001011011
000101010010010001011011
000101010100010001101010
000101010110010001111000
000101011000010001110111
000101011010010001110101
000101011100010010000011
000101011110010010010010
000101100000010010010011
000101100010010010010000
000101100100010010011100
000101100110010010101101
000101101000010010101111
000101101010010010101011
000101101100010010110110
000101101110010011000111
000101110000010011001010
000101110010010011000110
000101110100010011001111
000101110110010011100001
000101111000010011100110
000101111010010011100001
000101111100010011101001
000101111110010011111011
000110000000010100000001
000110000010010011111101
000110000100010100000011
000110000110010100010101
000110001000010100011101
000110001010010100011000
000110001100010100011100
000110001110010100101110
000110010000010100111000
000110010010010100110100
000110010100010100110110
000110010110010101001000
000110011000010101010011
000110011010010101001111
000110011100010101010000
000110011110010101100001
000110100000010101101110
000110100010010101101011
000110100100010101101011
000110100110010101111011
000110101000010110001001
000110101010010110000111
000110101100010110000101
000110101110010110010100
000110110000010110100100
000110110010010110100011
000110110100010110100000
000110110110010110101101
000110111000010110111110
000110111010010110111111
000110111100010110111011
000110111110010111000110
000111000000010111011000
000111000010010111011010
000111000100010111010110
000111000110010111100000
000111001000010111110010
000111001010010111110110
000111001100010111110001
000111001110010111111001
000111010000011000001100
000111010010011000010010
000111010100011000001100
000111010110011000010011
000111011000011000100110
000111011010011000101101
000111011100011000101000
000111011110011000101100
000111100000011001000000
000111100010011001001001
000111100100011001000011
000111100110011001000110
000111101000011001011001
000111101010011001100100
000111101100011001011111
000111101110011001100000
000111110000011001110010
000111110010011001111111
000111110100011001111011
000111110110011001111010
000111111000011010001100
000111111010011010011010
000111111100011010010111
000111111110011010010101
001000000000011010100101
001000000010011010110101
001000000100011010110011
001000000110011010101111
001000001000011010111110
001000001010011011010000
001000001100011011001111
001000001110011011001010
001000010000011011010111
001000010010011011101010
001000010100011011101011
001000010110011011100101
001000011000011011110000
001000011010011100000100
001000011100011100000111
001000011110011100000000
001000100000011100001001
001000100010011100011110
001000100100011100100011
001000100110011100011011
001000101000011100100011
001000101010011100111000
001000101100011100111110
001000101110011100110111
001000110000011100111100
001000110010011101010001
001000110100011101011010
001000110110011101010010
001000111000011101010110
001000111010011101101011
001000111100011101110110
001000111110011101101110
001001000000011101101111
001001000010011110000100
001001000100011110010001
001001000110011110001010
001001001000011110001001
001001001010011110011101
001001001100011110101100
001001001110011110100110
001001010000011110100100
001001010010011110110110
001001010100011111000111
001001010110011111000011
001001011000011110111110
001001011010011111001111
001001011100011111100010
001001011110011111011111
001001100000011111011000
001001100010011111101000
001001100100011111111100
001001100110011111111011
001001101000011111110011
001001101010100000000001
001001101100100000010110
001001101110100000010111
001001110000100000001110
001001110010100000011010
001001110100100000110000
001001110110100000110011
001001111000100000101010
001001111010100000110011
001001111100100001001010
001001111110100001010000
001010000000100001000101
001010000010100001001100
001010000100100001100011
001010000110100001101100
001010001000100001100001
001010001010100001100101
001010001100100001111101
001010001110100010000111
001010010000100001111101
001010010010100001111110
001010010100100010010110
001010010110100010100011
001010011000100010011001
001010011010100010011000
001010011100100010101111
001010011110100010111110
001010100000100010110110
001010100010100010110010
001010100100100011000111
001010100110100011011010
001010101000100011010010
001010101010100011001100
001010101100100011100000
001010101110100011110100
001010110000100011101111
001010110010100011100110
001010110100100011111000
001010110110100100001111
001010111000100100001011
001010111010100100000001
001010111100100100010001
001010111110100100101001
001011000000100100101000
001011000010100100011100
001011000100100100101001
001011000110100101000011
001011001000100101000101
001011001010100100110111
001011001100100101000010
001011001110100101011101
001011010000100101100001
001011010010100101010011
001011010100100101011011
001011010110100101110110
001011011000100101111110
001011011010100101101111
001011011100100101110011
001011011110100110010000
001011100000100110011010
001011100010100110001011
001011100100100110001100
001011100110100110101000
001011101000100110110110
001011101010100110100111
001011101100100110100101
001011101110100111000001
001011110000100111010010
001011110010100111000100
001011110100100110111111
001011110110100111011001
001011111000100111101110
001011111010100111100001
001011111100100111011000
001011111110100111110001
001100000000101000001001
001100000010100111111110
001100000100100111110010
001100000110101000001001
001100001000101000100100
001100001010101000011100
001100001100101000001101
001100001110101000100001
001100010000101000111110
001100010010101000111001
001100010100101000101000
001100010110101000111001
001100011000101001011001
001100011010101001010110
001100011100101001000011
001100011110101001010000
001100100000101001110010
001100100010101001110100
001100100100101001011110
001100100110101001101000
001100101000101010001100
001100101010101010010001
001100101100101001111010
001100101110101010000000
001100110000101010100101
001100110010101010101110
001100110100101010010111
001100110110101010011000
001100111000101010111101
001100111010101011001100
001100111100101010110100
001100111110101010110000
001101000000101011010101
001101000010101011101000
001101000100101011010001
001101000110101011001001
001101001000101011101101
001101001010101100000101
001101001100101011101111
001101001110101011100001
001101010000101100000100
001101010010101100100001
001101010100101100001101
001101010110101011111010
001101011000101100011011
001101011010101100111101
001101011100101100101100
001101011110101100010100
001101100000101100110001
001101100010101101011000
001101100100101101001011
001101100110101100101110
001101101000101101000111
001101101010101101110011
001101101100101101101010
001101101110101101001001
001101110000101101011101
001101110010101110001101
001101110100101110001001
001101110110101101100100
001101111000101101110011
001101111010101110100111
001101111100101110101001
001101111110101110000000
001110000000101110001000
001110000010101111000000
001110000100101111001000
001110000110101110011101
001110001000101110011110
001110001010101111011000
001110001100101111101000
001110001110101110111010
001110010000101110110011
001110010010101111101111
001110010100110000001000
001110010110101111011001
001110011000101111001000
001110011010110000000101
001110011100110000101000
001110011110101111111000
001110100000101111011101
001110100010110000011010
001110100100110001001000
001110100110110000011001
001110101000101111110011
001110101010110000101110
001110101100110001100111
001110101110110000111011
001110110000110000001000
001110110010110001000001
001110110100110010000111
001110110110110001011110
001110111000110000011110
001110111010110001010010
001110111100110010100110
001110111110110010000011
001111000000110000110100
001111000010110001100001
001111000100110011000110
001111000110110010101011
001111001000110001001010
001111001010110001101101
001111001100110011100101
001111001110110011010101
001111010000110001100000
001111010010110001110101
001111010100110100000100
001111010110110100000101
001111011000110001110101
001111011010110001111000
001111011100110100100100
001111011110110100111100
001111100000110010001010
001111100010110001110000
001111100100110101000110
001111100110110110000001
001111101000110010011011
001111101010110001010100
001111101100110101101111
001111101110110111100101
001111110000110010011110
001111110010110000000100
001111110100110110110100
001111110110111010101000
001111111000110001011000
001111111010101011101110
001111111100111100010000
001111111111000101010101
001111111111111111111111
001111111111000101010101
001111111100111100010000
001111111010101011101110
001111111000110001011000
001111110110111010101000
001111110100110110110100
001111110010110000000100
001111110000110010011110
001111101110110111100101
001111101100110101101111
001111101010110001010100
001111101000110010011011
001111100110110110000001
001111100100110101000110
001111100010110001110000
001111100000110010001010
001111011110110100111100
001111011100110100100100
001111011010110001111000
001111011000110001110101
001111010110110100000101
001111010100110100000100
001111010010110001110101
001111010000110001100000
001111001110110011010101
001111001100110011100101
001111001010110001101101
001111001000110001001010
001111000110110010101011
001111000100110011000110
001111000010110001100001
001111000000110000110100
001110111110110010000011
001110111100110010100110
001110111010110001010010
001110111000110000011110
001110110110110001011110
001110110100110010000111
001110110010110001000001
001110110000110000001000
001110101110110000111011
001110101100110001100111
001110101010110000101110
001110101000101111110011
001110100110110000011001
001110100100110001001000
001110100010110000011010
001110100000101111011101
001110011110101111111000
001110011100110000101000
001110011010110000000101
001110011000101111001000
001110010110101111011001
001110010100110000001000
001110010010101111101111
001110010000101110110011
001110001110101110111010
001110001100101111101000
001110001010101111011000
001110001000101110011110
001110000110101110011101
001110000100101111001000
001110000010101111000000
001110000000101110001000
001101111110101110000000
001101111100101110101001
001101111010101110100111
001101111000101101110011
001101110110101101100100
001101110100101110001001
001101110010101110001101
001101110000101101011101
001101101110101101001001
001101101100101101101010
001101101010101101110011
001101101000101101000111
001101100110101100101110
001101100100101101001011
001101100010101101011000
001101100000101100110001
001101011110101100010100
001101011100101100101100
001101011010101100111101
001101011000101100011011
001101010110101011111010
001101010100101100001101
001101010010101100100001
001101010000101100000100
001101001110101011100001
001101001100101011101111
001101001010101100000101
001101001000101011101101
001101000110101011001001
001101000100101011010001
001101000010101011101000
001101000000101011010101
001100111110101010110000
001100111100101010110100
001100111010101011001100
001100111000101010111101
001100110110101010011000
001100110100101010010111
001100110010101010101110
001100110000101010100101
001100101110101010000000
001100101100101001111010
001100101010101010010001
001100101000101010001100
001100100110101001101000
001100100100101001011110
001100100010101001110100
001100100000101001110010
001100011110101001010000
001100011100101001000011
001100011010101001010110
001100011000101001011001
001100010110101000111001
001100010100101000101000
001100010010101000111001
001100010000101000111110
001100001110101000100001
001100001100101000001101
001100001010101000011100
001100001000101000100100
001100000110101000001001
001100000100100111110010
001100000010100111111110
001100000000101000001001
001011111110100111110001
001011111100100111011000
001011111010100111100001
001011111000100111101110
001011110110100111011001
001011110100100110111111
001011110010100111000100
001011110000100111010010
001011101110100111000001
001011101100100110100101
001011101010100110100111
001011101000100110110110
001011100110100110101000
001011100100100110001100
001011100010100110001011
001011100000100110011010
001011011110100110010000
001011011100100101110011
001011011010100101101111
001011011000100101111110
001011010110100101110110
001011010100100101011011
001011010010100101010011
001011010000100101100001
001011001110100101011101
001011001100100101000010
001011001010100100110111
001011001000100101000101
001011000110100101000011
001011000100100100101001
001011000010100100011100
001011000000100100101000
001010111110100100101001
001010111100100100010001
001010111010100100000001
001010111000100100001011
001010110110100100001111
001010110100100011111000
001010110010100011100110
001010110000100011101111
001010101110100011110100
001010101100100011100000
001010101010100011001100
001010101000100011010010
001010100110100011011010
001010100100100011000111
001010100010100010110010
001010100000100010110110
001010011110100010111110
001010011100100010101111
001010011010100010011000
001010011000100010011001
001010010110100010100011
001010010100100010010110
001010010010100001111110
001010010000100001111101
001010001110100010000111
001010001100100001111101
001010001010100001100101
001010001000100001100001
001010000110100001101100
001010000100100001100011
001010000010100001001100
001010000000100001000101
001001111110100001010000
001001111100100001001010
001001111010100000110011
001001111000100000101010
001001110110100000110011
001001110100100000110000
001001110010100000011010
001001110000100000001110
001001101110100000010111
001001101100100000010110
001001101010100000000001
001001101000011111110011
001001100110011111111011
001001100100011111111100
001001100010011111101000
001001100000011111011000
001001011110011111011111
001001011100011111100010
001001011010011111001111
001001011000011110111110
001001010110011111000011
001001010100011111000111
001001010010011110110110
001001010000011110100100
001001001110011110100110
001001001100011110101100
001001001010011110011101
001001001000011110001001
001001000110011110001010
001001000100011110010001
001001000010011110000100
001001000000011101101111
001000111110011101101110
001000111100011101110110
001000111010011101101011
001000111000011101010110
001000110110011101010010
001000110100011101011010
001000110010011101010001
001000110000011100111100
001000101110011100110111
001000101100011100111110
001000101010011100111000
001000101000011100100011
001000100110011100011011
001000100100011100100011
001000100010011100011110
001000100000011100001001
001000011110011100000000
001000011100011100000111
001000011010011100000100
001000011000011011110000
001000010110011011100101
001000010100011011101011
001000010010011011101010
001000010000011011010111
001000001110011011001010
001000001100011011001111
001000001010011011010000
001000001000011010111110
001000000110011010101111
001000000100011010110011
001000000010011010110101
001000000000011010100101
000111111110011010010101
000111111100011010010111
000111111010011010011010
000111111000011010001100
000111110110011001111010
000111110100011001111011
000111110010011001111111
000111110000011001110010
000111101110011001100000
000111101100011001011111
000111101010011001100100
000111101000011001011001
000111100110011001000110
000111100100011001000011
000111100010011001001001
000111100000011001000000
000111011110011000101100
000111011100011000101000
000111011010011000101101
000111011000011000100110
000111010110011000010011
000111010100011000001100
000111010010011000010010
000111010000011000001100
000111001110010111111001
000111001100010111110001
000111001010010111110110
000111001000010111110010
000111000110010111100000
000111000100010111010110
000111000010010111011010
000111000000010111011000
000110111110010111000110
000110111100010110111011
000110111010010110111111
000110111000010110111110
000110110110010110101101
000110110100010110100000
000110110010010110100011
000110110000010110100100
000110101110010110010100
000110101100010110000101
000110101010010110000111
000110101000010110001001
000110100110010101111011
000110100100010101101011
000110100010010101101011
000110100000010101101110
000110011110010101100001
000110011100010101010000
000110011010010101001111
000110011000010101010011
000110010110010101001000
000110010100010100110110
000110010010010100110100
000110010000010100111000
000110001110010100101110
000110001100010100011100
000110001010010100011000
000110001000010100011101
000110000110010100010101
000110000100010100000011
000110000010010011111101
000110000000010100000001
000101111110010011111011
000101111100010011101001
000101111010010011100001
000101111000010011100110
000101110110010011100001
000101110100010011001111
000101110010010011000110
000101110000010011001010
000101101110010011000111
000101101100010010110110
000101101010010010101011
000101101000010010101111
000101100110010010101101
000101100100010010011100
000101100010010010010000
000101100000010010010011
000101011110010010010010
000101011100010010000011
000101011010010001110101
000101011000010001110111
000101010110010001111000
000101010100010001101010
000101010010010001011011
000101010000010001011011
000101001110010001011101
000101001100010001010000
000101001010010001000001
000101001000010001000000
000101000110010001000010
000101000100010000110111
000101000010010000100110
000101000000010000100100
000100111110010000100111
000100111100010000011101
000100111010010000001100
000100111000010000001000
000100110110010000001100
000100110100010000000100
000100110010001111110010
000100110000001111101101
000100101110001111110001
000100101100001111101010
000100101010001111011001
000100101000001111010010
000100100110001111010101
000100100100001111010000
000100100010001110111111
000100100000001110110110
000100011110001110111010
000100011100001110110110
000100011010001110100101
000100011000001110011011
000100010110001110011110
000100010100001110011100
000100010010001110001100
000100010000001110000000
000100001110001110000011
000100001100001110000001
000100001010001101110010
000100001000001101100110
000100000110001101100111
000100000100001101100111
000100000010001101011001
000100000000001101001011
000011111110001101001011
000011111100001101001100
000011111010001100111111
000011111000001100110001
000011110110001100110000
000011110100001100110010
000011110010001100100110
000011110000001100010110
000011101110001100010100
000011101100001100010111
000011101010001100001100
000011101000001011111100
000011100110001011111001
000011100100001011111100
000011100010001011110011
000011100000001011100010
000011011110001011011101
000011011100001011100000
000011011010001011011001
000011011000001011001000
000011010110001011000010
000011010100001011000101
000011010010001010111111
000011010000001010101110
000011001110001010100111
000011001100001010101010
000011001010001010100101
000011001000001010010101
000011000110001010001011
000011000100001010001110
000011000010001010001011
000011000000001001111011
000010111110001001110000
000010111100001001110011
000010111010001001110001
000010111000001001100001
000010110110001001010110
000010110100001001010111
000010110010001001010110
000010110000001001001000
000010101110001000111011
000010101100001000111100
000010101010001000111100
000010101000001000101110
000010100110001000100000
000010100100001000100000
000010100010001000100001
000010100000001000010101
000010011110001000000110
000010011100001000000100
000010011010001000000110
000010011000000111111011
000010010110000111101100
000010010100000111101001
000010010010000111101011
000010010000000111100010
000010001110000111010010
000010001100000111001101
000010001010000111010000
000010001000000111001000
000010000110000110111000
000010000100000110110010
000010000010000110110101
000010000000000110101110
000001111110000110011110
000001111100000110010111
000001111010000110011010
000001111000000110010100
000001110110000110000100
000001110100000101111011
000001110010000101111110
000001110000000101111010
000001101110000101101010
000001101100000101100000
000001101010000101100011
000001101000000101100000
000001100110000101010001
000001100100000101000110
000001100010000101000111
000001100000000101000110
000001011110000100110111
000001011100000100101011
000001011010000100101100
000001011000000100101011
000001010110000100011110
000001010100000100010000
000001010010000100010000
000001010000000100010001
000001001110000100000100
000001001100000011110110
000001001010000011110100
000001001000000011110110
000001000110000011101010
000001000100000011011011
000001000010000011011001
000001000000000011011011
000000111110000011010001
000000111100000011000001
000000111010000010111101
000000111000000011000000
000000110110000010110111
000000110100000010100111
000000110010000010100010
000000110000000010100101
000000101110000010011101
000000101100000010001101
000000101010000010000111
000000101000000010001001
000000100110000010000011
000000100100000001110011
000000100010000001101011
000000100000000001101110
000000011110000001101001
000000011100000001011010
000000011010000001010000
000000011000000001010011
000000010110000001001111
000000010100000001000000
000000010010000000110101
000000010000000000110111
000000001110000000110101
000000001100000000100110
000000001010000000011011
000000001000000000011100
000000000110000000011011
000000000100000000001101
000000000010000000000000
000000000000000000000000
111111111110000000000000
111111111011111111110011
111111111001111111100101
111111110111111111100100
111111110101111111100101
111111110011111111011010
111111110001111111001011
111111101111111111001001
111111101101111111001011
111111101011111111000000
111111101001111110110001
111111100111111110101101
111111100101111110110000
111111100011111110100110
111111100001111110010111
111111011111111110010010
111111011101111110010101
111111011011111110001101
111111011001111101111101
111111010111111101110111
111111010101111101111001
111111010011111101110011
111111010001111101100011
111111001111111101011011
111111001101111101011110
111111001011111101011001
111111001001111101001001
111111000111111101000000
111111000101111101000011
111111000011111100111111
111111000001111100101111
111110111111111100100101
111110111101111100100111
111110111011111100100101
111110111001111100010110
111110110111111100001010
111110110101111100001100
111110110011111100001010
111110110001111011111100
111110101111111011101111
111110101101111011110000
111110101011111011110000
111110101001111011100010
111110100111111011010101
111110100101111011010100
111110100011111011010101
111110100001111011001001
111110011111111010111010
111110011101111010111001
111110011011111010111010
111110011001111010101111
111110010111111010100000
111110010101111010011101
111110010011111010100000
111110010001111010010110
111110001111111010000110
111110001101111010000010
111110001011111010000101
111110001001111001111100
111110000111111001101100
111110000101111001100110
111110000011111001101001
111110000001111001100010
111101111111111001010010
111101111101111001001011
111101111011111001001110
111101111001111001001000
111101110111111000111000
111101110101111000110000
111101110011111000110011
111101110001111000101110
111101101111111000011110
111101101101111000010101
111101101011111000010111
111101101001111000010100
111101100111111000000101
111101100101110111111010
111101100011110111111100
111101100001110111111010
111101011111110111101011
111101011101110111011111
111101011011110111100000
111101011001110111100000
111101010111110111010010
111101010101110111000100
111101010011110111000100
111101010001110111000101
111101001111110110111000
111101001101110110101010
111101001011110110101001
111101001001110110101010
111101000111110110011111
111101000101110110001111
111101000011110110001101
111101000001110110010000
111100111111110110000101
111100111101110101110101
111100111011110101110010
111100111001110101110101
111100110111110101101011
111100110101110101011011
111100110011110101010110
111100110001110101011001
111100101111110101010010
111100101101110101000001
111100101011110100111011
111100101001110100111110
111100100111110100111000
111100100101110100100111
111100100011110100100000
111100100001110100100011
111100011111110100011110
111100011101110100001101
111100011011110100000100
111100011001110100000111
111100010111110100000100
111100010101110011110100
111100010011110011101001
111100010001110011101100
111100001111110011101010
111100001101110011011010
111100001011110011001110
111100001001110011010000
111100000111110011001111
111100000101110011000001
111100000011110010110100
111100000001110010110101
111011111111110010110101
111011111101110010100111
111011111011110010011001
111011111001110010011001
111011110111110010011010
111011110101110010001110
111011110011110001111111
111011110001110001111101
111011101111110010000000
111011101101110001110100
111011101011110001100100
111011101001110001100010
111011100111110001100101
111011100101110001011011
111011100011110001001010
111011100001110001000110
111011011111110001001010
111011011101110001000001
111011011011110000110000
111011011001110000101011
111011010111110000101110
111011010101110000100111
111011010011110000010110
111011010001110000001111
111011001111110000010011
111011001101110000001110
111011001011101111111100
111011001001101111110100
111011000111101111111000
111011000101101111110100
111011000011101111100011
111011000001101111011001
111010111111101111011100
111010111101101111011010
111010111011101111001001
111010111001101110111110
111010110111101111000000
111010110101101110111111
111010110011101110110000
111010110001101110100011
111010101111101110100101
111010101101101110100101
111010101011101110010110
111010101001101110001000
111010100111101110001001
111010100101101110001011
111010100011101101111101
111010100001101101101110
111010011111101101101101
111010011101101101110000
111010011011101101100100
111010011001101101010011
111010010111101101010001
111010010101101101010101
111010010011101101001010
111010010001101100111001
111010001111101100110110
111010001101101100111010
111010001011101100110001
111010001001101100011111
111010000111101100011010
111010000101101100011111
111010000011101100010111
111010000001101100000101
111001111111101011111111
111001111101101100000011
111001111011101011111101
111001111001101011101011
111001110111101011100011
111001110101101011101000
111001110011101011100100
111001110001101011010010
111001101111101011001000
111001101101101011001100
111001101011101011001010
111001101001101010111000
111001100111101010101101
111001100101101010110001
111001100011101010110000
111001100001101010011111
111001011111101010010010
111001011101101010010101
111001011011101010010101
111001011001101010000101
111001010111101001110111
111001010101101001111001
111001010011101001111011
111001010001101001101100
111001001111101001011100
111001001101101001011101
111001001011101001100000
111001001001101001010011
111001000111101001000010
111001000101101001000001
111001000011101001000101
111001000001101000111010
111000111111101000101000
111000111101101000100110
111000111011101000101010
111000111001101000100000
111000110111101000001110
111000110101101000001010
111000110011101000001111
111000110001101000000111
111000101111100111110100
111000101101100111101110
111000101011100111110100
111000101001100111101101
111000100111100111011010
111000100101100111010011
111000100011100111011000
111000100001100111010100
111000011111100111000000
111000011101100110110111
111000011011100110111101
111000011001100110111010
111000010111100110100111
111000010101100110011100
111000010011100110100001
111000010001100110100000
111000001111100110001110
111000001101100110000001
111000001011100110000101
111000001001100110000110
111000000111100101110100
111000000101100101100110
111000000011100101101001
111000000001100101101011
110111111111100101011011
110111111101100101001011
110111111011100101001101
110111111001100101010001
110111110111100101000010
110111110101100100110000
110111110011100100110001
110111110001100100110110
110111101111100100101001
110111101101100100010110
110111101011100100010101
110111101001100100011011
110111100111100100010000
110111100101100011111100
110111100011100011111001
110111100001100100000000
110111011111100011110111
110111011101100011100010
110111011011100011011101
110111011001100011100101
110111010111100011011101
110111010101100011001000
110111010011100011000010
110111010001100011001001
110111001111100011000100
110111001101100010101111
110111001011100010100110
110111001001100010101110
110111000111100010101010
110111000101100010010101
110111000011100010001010
110111000001100010010010
110110111111100010010001
110110111101100001111100
110110111011100001101111
110110111001100001110110
110110110111100001110111
110110110101100001100011
110110110011100001010100
110110110001100001011010
110110101111100001011100
110110101101100001001010
110110101011100000111001
110110101001100000111101
110110100111100001000010
110110100101100000110001
110110100011100000011110
110110100001100000100001
110110011111100000101000
110110011101100000011000
110110011011100000000100
110110011001100000000101
110110010111100000001101
110110010101011111111111
110110010011011111101010
110110010001011111101001
110110001111011111110010
110110001101011111100110
110110001011011111010000
110110001001011111001101
110110000111011111010110
110110000101011111001101
110110000011011110110110
110110000001011110110000
110101111111011110111011
110101111101011110110100
110101111011011110011101
110101111001011110010100
110101110111011110011111
110101110101011110011011
110101110011011110000011
110101110001011101111001
110101101111011110000011
110101101101011110000010
110101101011011101101010
110101101001011101011101
110101100111011101100111
110101100101011101101000
110101100011011101010001
110101100001011101000010
110101011111011101001010
110101011101011101001110
110101011011011100111001
110101011001011100100110
110101010111011100101110
110101010101011100110100
110101010011011100100000
110101010001011100001100
110101001111011100010001
110101001101011100011010
110101001011011100001000
110101001001011011110001
110101000111011011110101
110101000101011011111111
110101000011011011101111
110101000001011011010111
110100111111011011011000
110100111101011011100100
110100111011011011010111
110100111001011010111101
110100110111011010111011
110100110101011011001001
110100110011011010111110
110100110001011010100011
110100101111011010011111
110100101101011010101101
110100101011011010100101
110100101001011010001010
110100100111011010000010
110100100101011010010001
110100100011011010001101
110100100001011001110000
110100011111011001100110
110100011101011001110101
110100011011011001110100
110100011001011001011000
110100010111011001001010
110100010101011001011001
110100010011011001011011
110100010001011000111111
110100001111011000101110
110100001101011000111100
110100001011011001000001
110100001001011000100111
110100000111011000010010
110100000101011000011111
110100000011011000101000
110100000001011000001111
110011111111010111110111
110011111101011000000010
110011111011011000001110
110011111001010111110111
110011110111010111011100
110011110101010111100100
110011110011010111110011
110011110001010111011111
110011101111010111000010
110011101101010111000111
110011101011010111011000
110011101001010111000111
110011100111010110100111
110011100101010110101010
110011100011010110111101
110011100001010110110000
110011011111010110001110
110011011101010110001100
110011011011010110100010
110011011001010110011000
110011010111010101110100
110011010101010101101111
110011010011010110000110
110011010001010110000000
110011001111010101011011
110011001101010101010010
110011001011010101101001
110011001001010101101000
110011000111010101000011
110011000101010100110100
110011000011010101001100
110011000001010101010000
110010111111010100101011
110010111101010100011000
110010111011010100101111
110010111001010100110111
110010110111010100010011
110010110101010011111011
110010110011010100010001
110010110001010100011111
110010101111010011111100
110010101101010011011111
110010101011010011110011
110010101001010100000110
110010100111010011100101
110010100101010011000011
110010100011010011010100
110010100001010011101100
110010011111010011001111
110010011101010010101000
110010011011010010110101
110010011001010011010010
110010010111010010111001
110010010101010010001101
110010010011010010010110
110010010001010010110111
110010001111010010100011
110010001101010001110011
110010001011010001110111
110010001001010010011100
110010000111010010001101
110010000101010001011001
110010000011010001010111
110010000001010010000000
110001111111010001111000
110001111101010001000000
110001111011010000111000
110001111001010001100011
110001110111010001100010
110001110101010000101000
110001110011010000011000
110001110001010001000110
110001101111010001001101
110001101101010000010001
110001101011001111111000
110001101001010000100111
110001100111010000111000
110001100101001111111011
110001100011001111011000
110001100001010000001000
110001011111010000100011
110001011101001111100110
110001011011001110111000
110001011001001111100111
110001010111010000001101
110001010101001111010010
110001010011001110011001
110001010001001111000101
110001001111001111111000
110001001101001110111111
110001001011001101111001
110001001001001110100010
110001000111001111100010
110001000101001110101110
110001000011001101011010
110001000001001101111101
110000111111001111001100
110000111101001110011111
110000111011001100111010
110000111001001101010101
110000110111001110110110
110000110101001110010011
110000110011001100011011
110000110001001100101011
110000101111001110100000
110000101101001110001011
110000101011001011111100
110000101001001011111011
110000100111001110001011
110000100101001110001000
110000100011001011011100
110000100001001011000100
110000011111001101110110
110000011101001110010000
110000011011001010111010
110000011001001001111111
110000010111001101100101
110000010101001110101100
110000010011001010010001
110000010001001000011011
110000001111001101100010
110000001101001111111100
110000001011001001001100
110000001001000101011000
110000000111001110101000
110000000101010100010010
110000000011000011110000
110000000000111010101011
