110000000000000000000001
110000000000000001000100
110000000000000100001111
110000000000001001011111
110000000000010000110111
110000000000011010010101
110000000000100101111010
110000000000110011100101
110000000001000011010110
110000000001010101001101
110000000001101001001010
110000000001111111001100
110000000010010111010011
110000000010110001011111
110000000011001101110000
110000000011101100000101
110000000100001100011110
110000000100101110111010
110000000101010011011010
110000000101111001111011
110000000110100010011111
110000000111001101000100
110000000111111001101011
110000001000101000010001
110000001001011000111000
110000001010001011011110
110000001011000000000010
110000001011110110100100
110000001100101111000100
110000001101101001100000
110000001110100101111000
110000001111100100001100
110000010000100100011001
110000010001100110100000
110000010010101010100000
110000010011110000011000
110000010100111000000111
110000010110000001101100
110000010111001101000110
110000011000011010010100
110000011001101001010110
110000011010111010001011
110000011100001100110001
110000011101100001000111
110000011110110111001101
110000100000001111000001
110000100001101000100011
110000100011000011110000
110000100100100000101001
110000100101111111001101
110000100111011111011001
110000101001000001001101
110000101010100100100111
110000101100001001100111
110000101101110000001100
110000101111011000010011
110000110001000001111101
110000110010101101000111
110000110100011001110000
110000110110000111111000
110000110111110111011100
110000111001101000011101
110000111011011010110111
110000111101001110101010
110000111111000011110110
110001000000111010010111
110001000010110010001110
110001000100101011011000
110001000110100101110100
110001001000100001100010
110001001010011110011111
110001001100011100101010
110001001110011100000011
110001010000011100100110
110001010010011110010100
110001010100100001001010
110001010110100101000111
110001011000101010001010
110001011010110000010010
110001011100110111011100
110001011110111111101000
110001100001001000110100
110001100011010010111111
110001100101011110000111
110001100111101010001011
110001101001110111001000
110001101100000100111111
110001101110010011101101
110001110000100011010001
110001110010110011101010
110001110101000100110110
110001110111010110110011
110001111001101001100001
110001111011111100111101
110001111110010001000111
110010000000100101111101
110010000010111011011101
110010000101010001100110
110010000111101000010110
110010001001111111101101
110010001100010111101001
110010001110110000001000
110010010001001001001001
110010010011100010101011
110010010101111100101100
110010011000010111001011
110010011010110010000110
110010011101001101011100
110010011111101001001100
110010100010000101010101
110010100100100001110101
110010100110111110101010
110010101001011011110100
110010101011111001010001
110010101110010111000000
110010110000110100111111
110010110011010011001110
110010110101110001101010
110010111000010000010100
110010111010101111001001
110010111101001110001000
110010111111101101010001
110011000010001100100010
110011000100101011111001
110011000111001011010110
110011001001101010110111
110011001100001010011100
110011001110101010000010
110011010001001001101010
110011010011101001010010
110011010110001000111001
110011011000101000011110
110011011011000111111111
110011011101100111011101
110011100000000110110101
110011100010100110000111
110011100101000101010010
110011100111100100010100
110011101010000011001110
110011101100100001111110
110011101111000000100010
110011110001011110111011
110011110011111101001000
110011110110011011000111
110011111000111000111000
110011111011010110011001
110011111101110011101011
110100000000010000101100
110100000010101101011100
110100000101001001111010
110100000111100110000101
110100001010000001111100
110100001100011101011111
110100001110111000101110
110100010001010011100111
110100010011101110001010
110100010110001000010110
110100011000100010001011
110100011010111011101000
110100011101010100101101
110100011111101101011001
110100100010000101101100
110100100100011101100101
110100100110110101000101
110100101001001100001001
110100101011100010110010
110100101101111001000000
110100110000001110110011
110100110010100100001001
110100110100111001000010
110100110111001101011111
110100111001100001011111
110100111011110101000010
110100111110001000000111
110101000000011010101111
110101000010101100111001
110101000100111110100100
110101000111001111110001
110101001001100000100000
110101001011110000110000
110101001110000000100010
110101010000001111110101
110101010010011110101001
110101010100101100111110
110101010110111010110100
110101011001001000001011
110101011011010101000100
110101011101100001011110
110101011111101101011000
110101100001111000110101
110101100100000011110010
110101100110001110010001
110101101000011000010001
110101101010100001110011
110101101100101010110111
110101101110110011011101
110101110000111011100101
110101110011000011010000
110101110101001010011101
110101110111010001001101
110101111001010111011111
110101111011011101010110
110101111101100010101111
110101111111100111101101
110110000001101100001111
110110000011110000010101
110110000101110100000000
110110000111110111010000
110110001001111010000110
110110001011111100100001
110110001101111110100011
110110010000000000001100
110110010010000001011011
110110010100000010010010
110110010110000010110001
110110011000000010111000
110110011010000010101000
110110011100000010000001
110110011110000001000100
110110011111111111110001
110110100001111110001001
110110100011111100001100
110110100101111001111010
110110100111110111010101
110110101001110100011100
110110101011110001010001
110110101101101101110011
110110101111101010000100
110110110001100110000011
110110110011100001110010
110110110101011101010001
110110110111011000100000
110110111001010011100001
110110111011001110010011
110110111101001000110111
110110111111000011001110
110111000000111101011001
110111000010110111011000
110111000100110001001011
110111000110101010110011
110111001000100100010010
110111001010011101100110
110111001100010110110010
110111001110001111110101
110111010000001000110001
110111010010000001100101
110111010011111010010011
110111010101110010111010
110111010111101011011101
110111011001100011111010
110111011011011100010100
110111011101010100101001
110111011111001100111100
110111100001000101001101
110111100010111101011100
110111100100110101101001
110111100110101101110110
110111101000100110000011
110111101010011110010001
110111101100010110011111
110111101110001110110000
110111110000000111000011
110111110001111111011000
110111110011110111110001
110111110101110000001110
110111110111101000110000
110111111001100001010111
110111111011011010000011
110111111101010010110110
110111111111001011101111
111000000001000100101111
111000000010111101110111
111000000100110111000111
111000000110110000100000
111000001000101010000010
111000001010100011101110
111000001100011101100100
111000001110010111100101
111000010000010001110000
111000010010001100000111
111000010100000110101010
111000010110000001011010
111000010111111100010110
111000011001110111011111
111000011011110010110110
111000011101101110011011
111000011111101010001110
111000100001100110010000
111000100011100010100001
111000100101011111000010
111000100111011011110010
111000101001011000110010
111000101011010110000011
111000101101010011100100
111000101111010001010110
111000110001001111011010
111000110011001101101111
111000110101001100010110
111000110111001011001111
111000111001001010011010
111000111011001001110111
111000111101001001100111
111000111111001001101010
111001000001001010000001
111001000011001010101010
111001000101001011100111
111001000111001100110111
111001001001001110011011
111001001011010000010011
111001001101010010011110
111001001111010100111110
111001010001010111110001
111001010011011010111001
111001010101011110010101
111001010111100010000101
111001011001100110001010
111001011011101010100011
111001011101101111010000
111001011111110100010010
111001100001111001101000
111001100011111111010010
111001100110000101010000
111001101000001011100011
111001101010010010001010
111001101100011001000101
111001101110100000010100
111001110000100111110110
111001110010101111101101
111001110100110111110111
111001110111000000010101
111001111001001001000111
111001111011010010001011
111001111101011011100011
111001111111100101001101
111010000001101111001011
111010000011111001011011
111010000110000011111101
111010001000001110110001
111010001010011001111000
111010001100100101010000
111010001110110000111001
111010010000111100110100
111010010011001001000000
111010010101010101011100
111010010111100010001001
111010011001101111000110
111010011011111100010010
111010011110001001101110
111010100000010111011010
111010100010100101010100
111010100100110011011100
111010100111000001110011
111010101001010000011000
111010101011011111001010
111010101101101110001010
111010101111111101010110
111010110010001100101111
111010110100011100010011
111010110110101100000100
111010111000111011111111
111010111011001100000110
111010111101011100010111
111010111111101100110010
111011000001111101010110
111011000100001110000100
111011000110011110111011
111011001000101111111010
111011001011000001000001
111011001101010010010000
111011001111100011100110
111011010001110101000011
111011010100000110100110
111011010110011000001110
111011011000101001111100
111011011010111011101111
111011011101001101100111
111011011111011111100010
111011100001110001100001
111011100100000011100100
111011100110010101101001
111011101000100111110000
111011101010111001111001
111011101101001100000011
111011101111011110001110
111011110001110000011010
111011110100000010100110
111011110110010100110001
111011111000100110111011
111011111010111001000101
111011111101001011001100
111011111111011101010001
111100000001101111010011
111100000100000001010010
111100000110010011001110
111100001000100101000110
111100001010110110111001
111100001101001000101000
111100001111011010010001
111100010001101011110101
111100010011111101010011
111100010110001110101010
111100011000011111111011
111100011010110001000100
111100011101000010000101
111100011111010010111111
111100100001100011110000
111100100011110100011001
111100100110000100111000
111100101000010101001110
111100101010100101011001
111100101100110101011011
111100101111000101010010
111100110001010100111110
111100110011100100011111
111100110101110011110101
111100111000000010111111
111100111010010001111100
111100111100100000101101
111100111110101111010001
111101000000111101101001
111101000011001011110011
111101000101011001101111
111101000111100111011110
111101001001110100111110
111101001100000010010000
111101001110001111010100
111101010000011100001001
111101010010101000101111
111101010100110101000110
111101010111000001001101
111101011001001101000101
111101011011011000101101
111101011101100100000110
111101011111101111001110
111101100001111010000110
111101100100000100101110
111101100110001111000101
111101101000011001001100
111101101010100011000010
111101101100101100100111
111101101110110101111011
111101110000111110111111
111101110011000111110001
111101110101010000010010
111101110111011000100011
111101111001100000100010
111101111011101000010000
111101111101101111101100
111101111111110110111000
111110000001111101110010
111110000100000100011100
111110000110001010110100
111110001000010000111011
111110001010010110110001
111110001100011100010110
111110001110100001101010
111110010000100110101101
111110010010101011011111
111110010100110000000001
111110010110110100010010
111110011000111000010011
111110011010111100000011
111110011100111111100011
111110011111000010110100
111110100001000101110100
111110100011001000100100
111110100101001011000101
111110100111001101010111
111110101001001111011001
111110101011010001001100
111110101101010010110001
111110101111010100000111
111110110001010101001111
111110110011010110001000
111110110101010110110100
111110110111010111010010
111110111001010111100010
111110111011010111100110
111110111101010111011101
111110111111010111000111
111111000001010110100101
111111000011010101110111
111111000101010100111101
111111000111010011111000
111111001001010010101000
111111001011010001001101
111111001101001111101000
111111001111001101111000
111111010001001011111111
111111010011001001111101
111111010101000111110001
111111010111000101011101
111111011001000011000001
111111011011000000011100
111111011100111101110000
111111011110111010111101
111111100000111000000011
111111100010110101000010
111111100100110001111011
111111100110101110101111
111111101000101011011110
111111101010101000000111
111111101100100100101100
111111101110100001001101
111111110000011101101010
111111110010011010000100
111111110100010110011011
111111110110010010110000
111111111000001111000010
111111111010001011010011
111111111100000111100011
111111111110000011110010
000000000000000000000000
000000000001111100001110
000000000011111000011101
000000000101110100101101
000000000111110000111110
000000001001101101010000
000000001011101001100101
000000001101100101111100
000000001111100010010110
000000010001011110110011
000000010011011011010100
000000010101010111111001
000000010111010100100010
000000011001010001010001
000000011011001110000101
000000011101001010111110
000000011111000111111101
000000100001000101000011
000000100011000010010000
000000100100111111100100
000000100110111100111111
000000101000111010100011
000000101010111000001111
000000101100110110000011
000000101110110100000001
000000110000110010001000
000000110010110000011000
000000110100101110110011
000000110110101101011000
000000111000101100001000
000000111010101011000011
000000111100101010001001
000000111110101001011011
000001000000101000111001
000001000010101000100011
000001000100101000011010
000001000110101000011110
000001001000101000101110
000001001010101001001100
000001001100101001111000
000001001110101010110001
000001010000101011111001
000001010010101101001111
000001010100101110110100
000001010110110000100111
000001011000110010101001
000001011010110100111011
000001011100110111011100
000001011110111010001100
000001100000111101001100
000001100011000000011101
000001100101000011111101
000001100111000111101101
000001101001001011101110
000001101011001111111111
000001101101010100100001
000001101111011001010011
000001110001011110010110
000001110011100011101010
000001110101101001001111
000001110111101111000101
000001111001110101001100
000001111011111011100100
000001111110000010001110
000010000000001001001000
000010000010010000010100
000010000100010111110000
000010000110011111011110
000010001000100111011101
000010001010101111101110
000010001100111000001111
000010001111000001000001
000010010001001010000101
000010010011010011011001
000010010101011100111110
000010010111100110110100
000010011001110000111011
000010011011111011010010
000010011110000101111010
000010100000010000110010
000010100010011011111010
000010100100100111010011
000010100110110010111011
000010101000111110110011
000010101011001010111010
000010101101010111010001
000010101111100011110111
000010110001110000101100
000010110011111101110000
000010110110001011000010
000010111000011000100010
000010111010100110010001
000010111100110100001101
000010111111000010010111
000011000001010000101111
000011000011011111010011
000011000101101110000100
000011000111111101000001
000011001010001100001011
000011001100011011100001
000011001110101011000010
000011010000111010101110
000011010011001010100101
000011010101011010100111
000011010111101010110010
000011011001111011001000
000011011100001011100111
000011011110011100010000
000011100000101101000001
000011100010111101111011
000011100101001110111100
000011100111100000000101
000011101001110001010110
000011101100000010101101
000011101110010100001011
000011110000100101101111
000011110010110111011000
000011110101001001000111
000011110111011010111010
000011111001101100110010
000011111011111110101110
000011111110010000101101
000100000000100010101111
000100000010110100110100
000100000101000110111011
000100000111011001000101
000100001001101011001111
000100001011111101011010
000100001110001111100110
000100010000100001110010
000100010010110011111101
000100010101000110000111
000100010111011000010000
000100011001101010010111
000100011011111100011100
000100011110001110011111
000100100000100000011110
000100100010110010011001
000100100101000100010001
000100100111010110000100
000100101001100111110010
000100101011111001011010
000100101110001010111101
000100110000011100011010
000100110010101101110000
000100110100111110111111
000100110111010000000110
000100111001100001000101
000100111011110001111100
000100111110000010101010
000101000000010011001110
000101000010100011101001
000101000100110011111010
000101000111000100000001
000101001001010011111100
000101001011100011101101
000101001101110011010001
000101010000000010101010
000101010010010001110110
000101010100100000110110
000101010110101111101000
000101011000111110001101
000101011011001100100100
000101011101011010101100
000101011111101000100110
000101100001110110010010
000101100100000011101110
000101100110010000111010
000101101000011101110111
000101101010101010100100
000101101100110111000000
000101101111000011001100
000101110001001111000111
000101110011011010110000
000101110101100110001000
000101110111110001001111
000101111001111100000011
000101111100000110100101
000101111110010000110101
000110000000011010110011
000110000010100100011101
000110000100101101110101
000110000110110110111001
000110001000111111101011
000110001011001000001001
000110001101010000010011
000110001111011000001010
000110010001011111101100
000110010011100110111011
000110010101101101110110
000110010111110100011101
000110011001111010110000
000110011100000000101110
000110011110000110011000
000110100000001011101110
000110100010010000110000
000110100100010101011101
000110100110011001110110
000110101000011101111011
000110101010100001101011
000110101100100101000111
000110101110101000001111
000110110000101011000010
000110110010101101100010
000110110100101111101101
000110110110110001100101
000110111000110011001001
000110111010110100011001
000110111100110101010110
000110111110110101111111
000111000000110110010110
000111000010110110011001
000111000100110110001001
000111000110110101100110
000111001000110100110001
000111001010110011101010
000111001100110010010001
000111001110110000100110
000111010000101110101010
000111010010101100011100
000111010100101001111101
000111010110100111001110
000111011000100100001110
000111011010100000111110
000111011100011101011111
000111011110011001110000
000111100000010101110010
000111100010010001100101
000111100100001101001010
000111100110001000100001
000111101000000011101010
000111101001111110100110
000111101011111001010110
000111101101110011111001
000111101111101110010000
000111110001101000011011
000111110011100010011100
000111110101011100010010
000111110111010101111110
000111111001001111100000
000111111011001000111001
000111111101000010001001
000111111110111011010001
001000000000110100010001
001000000010101101001010
001000000100100101111101
001000000110011110101001
001000001000010111010000
001000001010001111110010
001000001100001000001111
001000001110000000101000
001000001111111000111101
001000010001110001010000
001000010011101001100001
001000010101100001101111
001000010111011001111101
001000011001010010001010
001000011011001010010111
001000011101000010100100
001000011110111010110011
001000100000110011000100
001000100010101011010111
001000100100100011101100
001000100110011100000110
001000101000010100100011
001000101010001101000110
001000101100000101101101
001000101101111110011011
001000101111110111001111
001000110001110000001011
001000110011101001001110
001000110101100010011010
001000110111011011101110
001000111001010101001101
001000111011001110110101
001000111101001000101000
001000111111000010100111
001001000000111100110010
001001000010110111001001
001001000100110001101101
001001000110101100011111
001001001000100111100000
001001001010100010101111
001001001100011110001110
001001001110011001111101
001001010000010101111100
001001010010010010001101
001001010100001110101111
001001010110001011100100
001001011000001000101011
001001011010000110000110
001001011100000011110100
001001011110000001110111
001001100000000000001111
001001100001111110111100
001001100011111101111111
001001100101111101011000
001001100111111101001000
001001101001111101001111
001001101011111101101110
001001101101111110100101
001001101111111111110100
001001110010000001011101
001001110100000011011111
001001110110000101111010
001001111000001000110000
001001111010001100000000
001001111100001111101011
001001111110010011110001
001010000000011000010011
001010000010011101010001
001010000100100010101010
001010000110101000100001
001010001000101110110011
001010001010110101100011
001010001100111100110000
001010001111000100011011
001010010001001100100011
001010010011010101001001
001010010101011110001101
001010010111100111101111
001010011001110001101111
001010011011111100001110
001010011110000111001011
001010100000010010101000
001010100010011110100010
001010100100101010111100
001010100110110111110101
001010101001000101001100
001010101011010011000010
001010101101100001010111
001010101111110000001011
001010110001111111011110
001010110100001111010000
001010110110011111100000
001010111000110000001111
001010111011000001011100
001010111101010011000111
001010111111100101010001
001011000001110111111001
001011000100001010111110
001011000110011110100001
001011001000110010100001
001011001011000110111110
001011001101011011110111
001011001111110001001101
001011010010000111000000
001011010100011101001110
001011010110110011110111
001011011001001010111011
001011011011100010011011
001011011101111010010100
001011100000010010100111
001011100010101011010011
001011100101000100011000
001011100111011101110101
001011101001110111101010
001011101100010001110110
001011101110101100011001
001011110001000111010010
001011110011100010100001
001011110101111110000100
001011111000011001111011
001011111010110110000110
001011111101010010100100
001011111111101111010100
001100000010001100010101
001100000100101001100111
001100000111000111001000
001100001001100100111001
001100001100000010111000
001100001110100001000101
001100010000111111011110
001100010011011110000010
001100010101111100110010
001100011000011011101100
001100011010111010101110
001100011101011001111001
001100011111111001001011
001100100010011000100011
001100100100111000000001
001100100111010111100010
001100101001110111000111
001100101100010110101110
001100101110110110010110
001100110001010101111110
001100110011110101100100
001100110110010101001001
001100111000110100101010
001100111011010100000111
001100111101110011011110
001101000000010010101111
001101000010110001111000
001101000101010000110111
001101000111101111101100
001101001010001110010110
001101001100101100110010
001101001111001011000001
001101010001101001000000
001101010100000110101111
001101010110100100001100
001101011001000001010110
001101011011011110001011
001101011101111010101011
001101100000010110110100
001101100010110010100100
001101100101001101111010
001101100111101000110101
001101101010000011010100
001101101100011101010101
001101101110110110110111
001101110001001111111000
001101110011101000010111
001101110110000000010011
001101111000010111101010
001101111010101110011010
001101111101000100100011
001101111111011010000011
001110000001101110111001
001110000100000011000011
001110000110010110011111
001110001000101001001101
001110001010111011001010
001110001101001100010110
001110001111011100101111
001110010001101100010011
001110010011111011000001
001110010110001000111000
001110011000010101110101
001110011010100001111001
001110011100101101000001
001110011110110111001100
001110100001000000011000
001110100011001000100100
001110100101001111101110
001110100111010101110110
001110101001011010111001
001110101011011110110110
001110101101100001101100
001110101111100011011010
001110110001100011111101
001110110011100011010110
001110110101100001100001
001110110111011110011110
001110111001011010001100
001110111011010100101000
001110111101001101110010
001110111111000101101001
001111000000111100001010
001111000010110001010110
001111000100100101001001
001111000110010111100011
001111001000001000100100
001111001001111000001000
001111001011100110010000
001111001101010010111001
001111001110111110000011
001111010000100111101101
001111010010001111110100
001111010011110110011001
001111010101011011011001
001111010110111110110011
001111011000100000100111
001111011010000000110011
001111011011011111010111
001111011100111100010000
001111011110010111011101
001111011111110000111111
001111100001001000110011
001111100010011110111001
001111100011110011001111
001111100101000101110101
001111100110010110101010
001111100111100101101100
001111101000110010111010
001111101001111110010100
001111101011000111111001
001111101100001111101000
001111101101010101100000
001111101110011001100000
001111101111011011100111
001111110000011011110100
001111110001011010001000
001111110010010110100000
001111110011010000111100
001111110100001001011100
001111110100111111111110
001111110101110100100010
001111110110100111001000
001111110111010111101111
001111111000000110010101
001111111000110010111100
001111111001011101100001
001111111010000110000101
001111111010101100100110
001111111011010001000110
001111111011110011100010
001111111100010011111011
001111111100110010010000
001111111101001110100001
001111111101101000101101
001111111110000000110100
001111111110010110110110
001111111110101010110011
001111111110111100101010
001111111111001100011011
001111111111011010000110
001111111111100101101011
001111111111101111001001
001111111111110110100001
001111111111111011110001
001111111111111110111100
001111111111111111111111
001111111111111110111100
001111111111111011110001
001111111111110110100001
001111111111101111001001
001111111111100101101011
001111111111011010000110
001111111111001100011011
001111111110111100101010
001111111110101010110011
001111111110010110110110
001111111110000000110100
001111111101101000101101
001111111101001110100001
001111111100110010010000
001111111100010011111011
001111111011110011100010
001111111011010001000110
001111111010101100100110
001111111010000110000101
001111111001011101100001
001111111000110010111100
001111111000000110010101
001111110111010111101111
001111110110100111001000
001111110101110100100010
001111110100111111111110
001111110100001001011100
001111110011010000111100
001111110010010110100000
001111110001011010001000
001111110000011011110100
001111101111011011100111
001111101110011001100000
001111101101010101100000
001111101100001111101000
001111101011000111111001
001111101001111110010100
001111101000110010111010
001111100111100101101100
001111100110010110101010
001111100101000101110101
001111100011110011001111
001111100010011110111001
001111100001001000110011
001111011111110000111111
001111011110010111011101
001111011100111100010000
001111011011011111010111
001111011010000000110011
001111011000100000100111
001111010110111110110011
001111010101011011011001
001111010011110110011001
001111010010001111110100
001111010000100111101101
001111001110111110000011
001111001101010010111001
001111001011100110010000
001111001001111000001000
001111001000001000100100
001111000110010111100011
001111000100100101001001
001111000010110001010110
001111000000111100001010
001110111111000101101001
001110111101001101110010
001110111011010100101000
001110111001011010001100
001110110111011110011110
001110110101100001100001
001110110011100011010110
001110110001100011111101
001110101111100011011010
001110101101100001101100
001110101011011110110110
001110101001011010111001
001110100111010101110110
001110100101001111101110
001110100011001000100100
001110100001000000011000
001110011110110111001100
001110011100101101000001
001110011010100001111001
001110011000010101110101
001110010110001000111000
001110010011111011000001
001110010001101100010011
001110001111011100101111
001110001101001100010110
001110001010111011001010
001110001000101001001101
001110000110010110011111
001110000100000011000011
001110000001101110111001
001101111111011010000011
001101111101000100100011
001101111010101110011010
001101111000010111101010
001101110110000000010011
001101110011101000010111
001101110001001111111000
001101101110110110110111
001101101100011101010101
001101101010000011010100
001101100111101000110101
001101100101001101111010
001101100010110010100100
001101100000010110110100
001101011101111010101011
001101011011011110001011
001101011001000001010110
001101010110100100001100
001101010100000110101111
001101010001101001000000
001101001111001011000001
001101001100101100110010
001101001010001110010110
001101000111101111101100
001101000101010000110111
001101000010110001111000
001101000000010010101111
001100111101110011011110
001100111011010100000111
001100111000110100101010
001100110110010101001001
001100110011110101100100
001100110001010101111110
001100101110110110010110
001100101100010110101110
001100101001110111000111
001100100111010111100010
001100100100111000000001
001100100010011000100011
001100011111111001001011
001100011101011001111001
001100011010111010101110
001100011000011011101100
001100010101111100110010
001100010011011110000010
001100010000111111011110
001100001110100001000101
001100001100000010111000
001100001001100100111001
001100000111000111001000
001100000100101001100111
001100000010001100010101
001011111111101111010100
001011111101010010100100
001011111010110110000110
001011111000011001111011
001011110101111110000100
001011110011100010100001
001011110001000111010010
001011101110101100011001
001011101100010001110110
001011101001110111101010
001011100111011101110101
001011100101000100011000
001011100010101011010011
001011100000010010100111
001011011101111010010100
001011011011100010011011
001011011001001010111011
001011010110110011110111
001011010100011101001110
001011010010000111000000
001011001111110001001101
001011001101011011110111
001011001011000110111110
001011001000110010100001
001011000110011110100001
001011000100001010111110
001011000001110111111001
001010111111100101010001
001010111101010011000111
001010111011000001011100
001010111000110000001111
001010110110011111100000
001010110100001111010000
001010110001111111011110
001010101111110000001011
001010101101100001010111
001010101011010011000010
001010101001000101001100
001010100110110111110101
001010100100101010111100
001010100010011110100010
001010100000010010101000
001010011110000111001011
001010011011111100001110
001010011001110001101111
001010010111100111101111
001010010101011110001101
001010010011010101001001
001010010001001100100011
001010001111000100011011
001010001100111100110000
001010001010110101100011
001010001000101110110011
001010000110101000100001
001010000100100010101010
001010000010011101010001
001010000000011000010011
001001111110010011110001
001001111100001111101011
001001111010001100000000
001001111000001000110000
001001110110000101111010
001001110100000011011111
001001110010000001011101
001001101111111111110100
001001101101111110100101
001001101011111101101110
001001101001111101001111
001001100111111101001000
001001100101111101011000
001001100011111101111111
001001100001111110111100
001001100000000000001111
001001011110000001110111
001001011100000011110100
001001011010000110000110
001001011000001000101011
001001010110001011100100
001001010100001110101111
001001010010010010001101
001001010000010101111100
001001001110011001111101
001001001100011110001110
001001001010100010101111
001001001000100111100000
001001000110101100011111
001001000100110001101101
001001000010110111001001
001001000000111100110010
001000111111000010100111
001000111101001000101000
001000111011001110110101
001000111001010101001101
001000110111011011101110
001000110101100010011010
001000110011101001001110
001000110001110000001011
001000101111110111001111
001000101101111110011011
001000101100000101101101
001000101010001101000110
001000101000010100100011
001000100110011100000110
001000100100100011101100
001000100010101011010111
001000100000110011000100
001000011110111010110011
001000011101000010100100
001000011011001010010111
001000011001010010001010
001000010111011001111101
001000010101100001101111
001000010011101001100001
001000010001110001010000
001000001111111000111101
001000001110000000101000
001000001100001000001111
001000001010001111110010
001000001000010111010000
001000000110011110101001
001000000100100101111101
001000000010101101001010
001000000000110100010001
000111111110111011010001
000111111101000010001001
000111111011001000111001
000111111001001111100000
000111110111010101111110
000111110101011100010010
000111110011100010011100
000111110001101000011011
000111101111101110010000
000111101101110011111001
000111101011111001010110
000111101001111110100110
000111101000000011101010
000111100110001000100001
000111100100001101001010
000111100010010001100101
000111100000010101110010
000111011110011001110000
000111011100011101011111
000111011010100000111110
000111011000100100001110
000111010110100111001110
000111010100101001111101
000111010010101100011100
000111010000101110101010
000111001110110000100110
000111001100110010010001
000111001010110011101010
000111001000110100110001
000111000110110101100110
000111000100110110001001
000111000010110110011001
000111000000110110010110
000110111110110101111111
000110111100110101010110
000110111010110100011001
000110111000110011001001
000110110110110001100101
000110110100101111101101
000110110010101101100010
000110110000101011000010
000110101110101000001111
000110101100100101000111
000110101010100001101011
000110101000011101111011
000110100110011001110110
000110100100010101011101
000110100010010000110000
000110100000001011101110
000110011110000110011000
000110011100000000101110
000110011001111010110000
000110010111110100011101
000110010101101101110110
000110010011100110111011
000110010001011111101100
000110001111011000001010
000110001101010000010011
000110001011001000001001
000110001000111111101011
000110000110110110111001
000110000100101101110101
000110000010100100011101
000110000000011010110011
000101111110010000110101
000101111100000110100101
000101111001111100000011
000101110111110001001111
000101110101100110001000
000101110011011010110000
000101110001001111000111
000101101111000011001100
000101101100110111000000
000101101010101010100100
000101101000011101110111
000101100110010000111010
000101100100000011101110
000101100001110110010010
000101011111101000100110
000101011101011010101100
000101011011001100100100
000101011000111110001101
000101010110101111101000
000101010100100000110110
000101010010010001110110
000101010000000010101010
000101001101110011010001
000101001011100011101101
000101001001010011111100
000101000111000100000001
000101000100110011111010
000101000010100011101001
000101000000010011001110
000100111110000010101010
000100111011110001111100
000100111001100001000101
000100110111010000000110
000100110100111110111111
000100110010101101110000
000100110000011100011010
000100101110001010111101
000100101011111001011010
000100101001100111110010
000100100111010110000100
000100100101000100010001
000100100010110010011001
000100100000100000011110
000100011110001110011111
000100011011111100011100
000100011001101010010111
000100010111011000010000
000100010101000110000111
000100010010110011111101
000100010000100001110010
000100001110001111100110
000100001011111101011010
000100001001101011001111
000100000111011001000101
000100000101000110111011
000100000010110100110100
000100000000100010101111
000011111110010000101101
000011111011111110101110
000011111001101100110010
000011110111011010111010
000011110101001001000111
000011110010110111011000
000011110000100101101111
000011101110010100001011
000011101100000010101101
000011101001110001010110
000011100111100000000101
000011100101001110111100
000011100010111101111011
000011100000101101000001
000011011110011100010000
000011011100001011100111
000011011001111011001000
000011010111101010110010
000011010101011010100111
000011010011001010100101
000011010000111010101110
000011001110101011000010
000011001100011011100001
000011001010001100001011
000011000111111101000001
000011000101101110000100
000011000011011111010011
000011000001010000101111
000010111111000010010111
000010111100110100001101
000010111010100110010001
000010111000011000100010
000010110110001011000010
000010110011111101110000
000010110001110000101100
000010101111100011110111
000010101101010111010001
000010101011001010111010
000010101000111110110011
000010100110110010111011
000010100100100111010011
000010100010011011111010
000010100000010000110010
000010011110000101111010
000010011011111011010010
000010011001110000111011
000010010111100110110100
000010010101011100111110
000010010011010011011001
000010010001001010000101
000010001111000001000001
000010001100111000001111
000010001010101111101110
000010001000100111011101
000010000110011111011110
000010000100010111110000
000010000010010000010100
000010000000001001001000
000001111110000010001110
000001111011111011100100
000001111001110101001100
000001110111101111000101
000001110101101001001111
000001110011100011101010
000001110001011110010110
000001101111011001010011
000001101101010100100001
000001101011001111111111
000001101001001011101110
000001100111000111101101
000001100101000011111101
000001100011000000011101
000001100000111101001100
000001011110111010001100
000001011100110111011100
000001011010110100111011
000001011000110010101001
000001010110110000100111
000001010100101110110100
000001010010101101001111
000001010000101011111001
000001001110101010110001
000001001100101001111000
000001001010101001001100
000001001000101000101110
000001000110101000011110
000001000100101000011010
000001000010101000100011
000001000000101000111001
000000111110101001011011
000000111100101010001001
000000111010101011000011
000000111000101100001000
000000110110101101011000
000000110100101110110011
000000110010110000011000
000000110000110010001000
000000101110110100000001
000000101100110110000011
000000101010111000001111
000000101000111010100011
000000100110111100111111
000000100100111111100100
000000100011000010010000
000000100001000101000011
000000011111000111111101
000000011101001010111110
000000011011001110000101
000000011001010001010001
000000010111010100100010
000000010101010111111001
000000010011011011010100
000000010001011110110011
000000001111100010010110
000000001101100101111100
000000001011101001100101
000000001001101101010000
000000000111110000111110
000000000101110100101101
000000000011111000011101
000000000001111100001110
000000000000000000000000
111111111110000011110010
111111111100000111100011
111111111010001011010011
111111111000001111000010
111111110110010010110000
111111110100010110011011
111111110010011010000100
111111110000011101101010
111111101110100001001101
111111101100100100101100
111111101010101000000111
111111101000101011011110
111111100110101110101111
111111100100110001111011
111111100010110101000010
111111100000111000000011
111111011110111010111101
111111011100111101110000
111111011011000000011100
111111011001000011000001
111111010111000101011101
111111010101000111110001
111111010011001001111101
111111010001001011111111
111111001111001101111000
111111001101001111101000
111111001011010001001101
111111001001010010101000
111111000111010011111000
111111000101010100111101
111111000011010101110111
111111000001010110100101
111110111111010111000111
111110111101010111011101
111110111011010111100110
111110111001010111100010
111110110111010111010010
111110110101010110110100
111110110011010110001000
111110110001010101001111
111110101111010100000111
111110101101010010110001
111110101011010001001100
111110101001001111011001
111110100111001101010111
111110100101001011000101
111110100011001000100100
111110100001000101110100
111110011111000010110100
111110011100111111100011
111110011010111100000011
111110011000111000010011
111110010110110100010010
111110010100110000000001
111110010010101011011111
111110010000100110101101
111110001110100001101010
111110001100011100010110
111110001010010110110001
111110001000010000111011
111110000110001010110100
111110000100000100011100
111110000001111101110010
111101111111110110111000
111101111101101111101100
111101111011101000010000
111101111001100000100010
111101110111011000100011
111101110101010000010010
111101110011000111110001
111101110000111110111111
111101101110110101111011
111101101100101100100111
111101101010100011000010
111101101000011001001100
111101100110001111000101
111101100100000100101110
111101100001111010000110
111101011111101111001110
111101011101100100000110
111101011011011000101101
111101011001001101000101
111101010111000001001101
111101010100110101000110
111101010010101000101111
111101010000011100001001
111101001110001111010100
111101001100000010010000
111101001001110100111110
111101000111100111011110
111101000101011001101111
111101000011001011110011
111101000000111101101001
111100111110101111010001
111100111100100000101101
111100111010010001111100
111100111000000010111111
111100110101110011110101
111100110011100100011111
111100110001010100111110
111100101111000101010010
111100101100110101011011
111100101010100101011001
111100101000010101001110
111100100110000100111000
111100100011110100011001
111100100001100011110000
111100011111010010111111
111100011101000010000101
111100011010110001000100
111100011000011111111011
111100010110001110101010
111100010011111101010011
111100010001101011110101
111100001111011010010001
111100001101001000101000
111100001010110110111001
111100001000100101000110
111100000110010011001110
111100000100000001010010
111100000001101111010011
111011111111011101010001
111011111101001011001100
111011111010111001000101
111011111000100110111011
111011110110010100110001
111011110100000010100110
111011110001110000011010
111011101111011110001110
111011101101001100000011
111011101010111001111001
111011101000100111110000
111011100110010101101001
111011100100000011100100
111011100001110001100001
111011011111011111100010
111011011101001101100111
111011011010111011101111
111011011000101001111100
111011010110011000001110
111011010100000110100110
111011010001110101000011
111011001111100011100110
111011001101010010010000
111011001011000001000001
111011001000101111111010
111011000110011110111011
111011000100001110000100
111011000001111101010110
111010111111101100110010
111010111101011100010111
111010111011001100000110
111010111000111011111111
111010110110101100000100
111010110100011100010011
111010110010001100101111
111010101111111101010110
111010101101101110001010
111010101011011111001010
111010101001010000011000
111010100111000001110011
111010100100110011011100
111010100010100101010100
111010100000010111011010
111010011110001001101110
111010011011111100010010
111010011001101111000110
111010010111100010001001
111010010101010101011100
111010010011001001000000
111010010000111100110100
111010001110110000111001
111010001100100101010000
111010001010011001111000
111010001000001110110001
111010000110000011111101
111010000011111001011011
111010000001101111001011
111001111111100101001101
111001111101011011100011
111001111011010010001011
111001111001001001000111
111001110111000000010101
111001110100110111110111
111001110010101111101101
111001110000100111110110
111001101110100000010100
111001101100011001000101
111001101010010010001010
111001101000001011100011
111001100110000101010000
111001100011111111010010
111001100001111001101000
111001011111110100010010
111001011101101111010000
111001011011101010100011
111001011001100110001010
111001010111100010000101
111001010101011110010101
111001010011011010111001
111001010001010111110001
111001001111010100111110
111001001101010010011110
111001001011010000010011
111001001001001110011011
111001000111001100110111
111001000101001011100111
111001000011001010101010
111001000001001010000001
111000111111001001101010
111000111101001001100111
111000111011001001110111
111000111001001010011010
111000110111001011001111
111000110101001100010110
111000110011001101101111
111000110001001111011010
111000101111010001010110
111000101101010011100100
111000101011010110000011
111000101001011000110010
111000100111011011110010
111000100101011111000010
111000100011100010100001
111000100001100110010000
111000011111101010001110
111000011101101110011011
111000011011110010110110
111000011001110111011111
111000010111111100010110
111000010110000001011010
111000010100000110101010
111000010010001100000111
111000010000010001110000
111000001110010111100101
111000001100011101100100
111000001010100011101110
111000001000101010000010
111000000110110000100000
111000000100110111000111
111000000010111101110111
111000000001000100101111
110111111111001011101111
110111111101010010110110
110111111011011010000011
110111111001100001010111
110111110111101000110000
110111110101110000001110
110111110011110111110001
110111110001111111011000
110111110000000111000011
110111101110001110110000
110111101100010110011111
110111101010011110010001
110111101000100110000011
110111100110101101110110
110111100100110101101001
110111100010111101011100
110111100001000101001101
110111011111001100111100
110111011101010100101001
110111011011011100010100
110111011001100011111010
110111010111101011011101
110111010101110010111010
110111010011111010010011
110111010010000001100101
110111010000001000110001
110111001110001111110101
110111001100010110110010
110111001010011101100110
110111001000100100010010
110111000110101010110011
110111000100110001001011
110111000010110111011000
110111000000111101011001
110110111111000011001110
110110111101001000110111
110110111011001110010011
110110111001010011100001
110110110111011000100000
110110110101011101010001
110110110011100001110010
110110110001100110000011
110110101111101010000100
110110101101101101110011
110110101011110001010001
110110101001110100011100
110110100111110111010101
110110100101111001111010
110110100011111100001100
110110100001111110001001
110110011111111111110001
110110011110000001000100
110110011100000010000001
110110011010000010101000
110110011000000010111000
110110010110000010110001
110110010100000010010010
110110010010000001011011
110110010000000000001100
110110001101111110100011
110110001011111100100001
110110001001111010000110
110110000111110111010000
110110000101110100000000
110110000011110000010101
110110000001101100001111
110101111111100111101101
110101111101100010101111
110101111011011101010110
110101111001010111011111
110101110111010001001101
110101110101001010011101
110101110011000011010000
110101110000111011100101
110101101110110011011101
110101101100101010110111
110101101010100001110011
110101101000011000010001
110101100110001110010001
110101100100000011110010
110101100001111000110101
110101011111101101011000
110101011101100001011110
110101011011010101000100
110101011001001000001011
110101010110111010110100
110101010100101100111110
110101010010011110101001
110101010000001111110101
110101001110000000100010
110101001011110000110000
110101001001100000100000
110101000111001111110001
110101000100111110100100
110101000010101100111001
110101000000011010101111
110100111110001000000111
110100111011110101000010
110100111001100001011111
110100110111001101011111
110100110100111001000010
110100110010100100001001
110100110000001110110011
110100101101111001000000
110100101011100010110010
110100101001001100001001
110100100110110101000101
110100100100011101100101
110100100010000101101100
110100011111101101011001
110100011101010100101101
110100011010111011101000
110100011000100010001011
110100010110001000010110
110100010011101110001010
110100010001010011100111
110100001110111000101110
110100001100011101011111
110100001010000001111100
110100000111100110000101
110100000101001001111010
110100000010101101011100
110100000000010000101100
110011111101110011101011
110011111011010110011001
110011111000111000111000
110011110110011011000111
110011110011111101001000
110011110001011110111011
110011101111000000100010
110011101100100001111110
110011101010000011001110
110011100111100100010100
110011100101000101010010
110011100010100110000111
110011100000000110110101
110011011101100111011101
110011011011000111111111
110011011000101000011110
110011010110001000111001
110011010011101001010010
110011010001001001101010
110011001110101010000010
110011001100001010011100
110011001001101010110111
110011000111001011010110
110011000100101011111001
110011000010001100100010
110010111111101101010001
110010111101001110001000
110010111010101111001001
110010111000010000010100
110010110101110001101010
110010110011010011001110
110010110000110100111111
110010101110010111000000
110010101011111001010001
110010101001011011110100
110010100110111110101010
110010100100100001110101
110010100010000101010101
110010011111101001001100
110010011101001101011100
110010011010110010000110
110010011000010111001011
110010010101111100101100
110010010011100010101011
110010010001001001001001
110010001110110000001000
110010001100010111101001
110010001001111111101101
110010000111101000010110
110010000101010001100110
110010000010111011011101
110010000000100101111101
110001111110010001000111
110001111011111100111101
110001111001101001100001
110001110111010110110011
110001110101000100110110
110001110010110011101010
110001110000100011010001
110001101110010011101101
110001101100000100111111
110001101001110111001000
110001100111101010001011
110001100101011110000111
110001100011010010111111
110001100001001000110100
110001011110111111101000
110001011100110111011100
110001011010110000010010
110001011000101010001010
110001010110100101000111
110001010100100001001010
110001010010011110010100
110001010000011100100110
110001001110011100000011
110001001100011100101010
110001001010011110011111
110001001000100001100010
110001000110100101110100
110001000100101011011000
110001000010110010001110
110001000000111010010111
110000111111000011110110
110000111101001110101010
110000111011011010110111
110000111001101000011101
110000110111110111011100
110000110110000111111000
110000110100011001110000
110000110010101101000111
110000110001000001111101
110000101111011000010011
110000101101110000001100
110000101100001001100111
110000101010100100100111
110000101001000001001101
110000100111011111011001
110000100101111111001101
110000100100100000101001
110000100011000011110000
110000100001101000100011
110000100000001111000001
110000011110110111001101
110000011101100001000111
110000011100001100110001
110000011010111010001011
110000011001101001010110
110000011000011010010100
110000010111001101000110
110000010110000001101100
110000010100111000000111
110000010011110000011000
110000010010101010100000
110000010001100110100000
110000010000100100011001
110000001111100100001100
110000001110100101111000
110000001101101001100000
110000001100101111000100
110000001011110110100100
110000001011000000000010
110000001010001011011110
110000001001011000111000
110000001000101000010001
110000000111111001101011
110000000111001101000100
110000000110100010011111
110000000101111001111011
110000000101010011011010
110000000100101110111010
110000000100001100011110
110000000011101100000101
110000000011001101110000
110000000010110001011111
110000000010010111010011
110000000001111111001100
110000000001101001001010
110000000001010101001101
110000000001000011010110
110000000000110011100101
110000000000100101111010
110000000000011010010101
110000000000010000110111
110000000000001001011111
110000000000000100001111
110000000000000001000100
