110000000000000000000001
110000000000000000010101
110000000000000001010000
110000000000000010110011
110000000000000100111101
110000000000000111101110
110000000000001011001000
110000000000001111001000
110000000000010011110000
110000000000011001000000
110000000000011110110111
110000000000100101010101
110000000000101100011011
110000000000110100001000
110000000000111100011101
110000000001000101011010
110000000001001110111101
110000000001011001001000
110000000001100011111011
110000000001101111010101
110000000001111011010110
110000000010000111111111
110000000010010101001111
110000000010100011000111
110000000010110001100110
110000000011000000101100
110000000011010000011010
110000000011100000101111
110000000011110001101011
110000000100000011001111
110000000100010101011010
110000000100101000001100
110000000100111011100110
110000000101001111100111
110000000101100100001111
110000000101111001011110
110000000110001111010101
110000000110100101110011
110000000110111100111000
110000000111010100100101
110000000111101100111000
110000001000000101110011
110000001000011111010101
110000001000111001011110
110000001001010100001110
110000001001101111100101
110000001010001011100100
110000001010101000001001
110000001011000101010110
110000001011100011001010
110000001100000001100100
110000001100100000100110
110000001101000000001111
110000001101100000011110
110000001110000001010101
110000001110100010110011
110000001111000100110111
110000001111100111100010
110000010000001010110101
110000010000101110101110
110000010001010011001110
110000010001111000010100
110000010010011110000010
110000010011000100010110
110000010011101011010001
110000010100010010110011
110000010100111010111100
110000010101100011101011
110000010110001101000001
110000010110110110111101
110000010111100001100000
110000011000001100101010
110000011000111000011010
110000011001100100110000
110000011010010001101101
110000011010111111010001
110000011011101101011011
110000011100011100001011
110000011101001011100010
110000011101111011011111
110000011110101100000011
110000011111011101001101
110000100000001110111101
110000100001000001010011
110000100001110100010000
110000100010100111110010
110000100011011011111011
110000100100010000101010
110000100101000101111111
110000100101111011111010
110000100110110010011011
110000100111101001100010
110000101000100001001111
110000101001011001100010
110000101010010010011011
110000101011001011111010
110000101100000101111110
110000101101000000101001
110000101101111011111001
110000101110110111101110
110000101111110100001010
110000110000110001001011
110000110001101110110001
110000110010101100111101
110000110011101011101111
110000110100101011000110
110000110101101011000011
110000110110101011100101
110000110111101100101100
110000111000101110011001
110000111001110000101011
110000111010110011100010
110000111011110110111111
110000111100111011000001
110000111101111111100111
110000111111000100110011
110001000000001010100100
110001000001010000111010
110001000010010111110101
110001000011011111010101
110001000100100111011010
110001000101110000000011
110001000110111001010001
110001001000000011000100
110001001001001101011100
110001001010011000011001
110001001011100011111010
110001001100101111111111
110001001101111100101001
110001001111001001111000
110001010000010111101011
110001010001100110000010
110001010010110100111110
110001010100000100011110
110001010101010100100010
110001010110100101001011
110001010111110110010111
110001011001001000001000
110001011010011010011101
110001011011101101010101
110001011101000000110010
110001011110010100110011
110001011111101001010111
110001100000111110011111
110001100010010100001011
110001100011101010011011
110001100101000001001110
110001100110011000100101
110001100111110000011111
110001101001001000111101
110001101010100001111110
110001101011111011100011
110001101101010101101011
110001101110110000010110
110001110000001011100100
110001110001100111010110
110001110011000011101010
110001110100100000100010
110001110101111101111101
110001110111011011111010
110001111000111010011011
110001111010011001011110
110001111011111001000100
110001111101011001001101
110001111110111001111001
110010000000011011000111
110010000001111100110111
110010000011011111001010
110010000101000010000000
110010000110100101010111
110010001000001001010001
110010001001101101101110
110010001011010010101100
110010001100111000001101
110010001110011110001111
110010010000000100110100
110010010001101011111010
110010010011010011100011
110010010100111011101101
110010010110100100011001
110010011000001101100110
110010011001110111010110
110010011011100001100110
110010011101001100011001
110010011110110111101100
110010100000100011100001
110010100010001111110111
110010100011111100101111
110010100101101010001000
110010100111011000000001
110010101001000110011100
110010101010110101011000
110010101100100100110101
110010101110010100110010
110010110000000101010000
110010110001110110001111
110010110011100111101111
110010110101011001101111
110010110111001100001111
110010111000111111010000
110010111010110010110010
110010111100100110110011
110010111110011011010101
110011000000010000010111
110011000010000101111001
110011000011111011111011
110011000101110010011101
110011000111101001011111
110011001001100001000000
110011001011011001000010
110011001101010001100010
110011001111001010100011
110011010001000100000011
110011010010111110000010
110011010100111000100001
110011010110110011011111
110011011000101110111100
110011011010101010111001
110011011100100111010100
110011011110100100001110
110011100000100001100111
110011100010011111100000
110011100100011101110110
110011100110011100101100
110011101000011100000000
110011101010011011110011
110011101100011100000100
110011101110011100110011
110011110000011110000001
110011110010011111101101
110011110100100001110111
110011110110100100011111
110011111000100111100101
110011111010101011001001
110011111100101111001010
110011111110110011101010
110100000000111000100111
110100000010111110000010
110100000101000011111010
110100000111001010010000
110100001001010001000010
110100001011011000010011
110100001101100000000000
110100001111101000001011
110100010001110000110010
110100010011111001110110
110100010110000011011000
110100011000001101010110
110100011010010111110000
110100011100100010101000
110100011110101101111011
110100100000111001101100
110100100011000101111000
110100100101010010100001
110100100111011111100110
110100101001101101000111
110100101011111011000100
110100101110001001011101
110100110000011000010010
110100110010100111100010
110100110100110111001110
110100110111000111010110
110100111001010111111001
110100111011101000111000
110100111101111010010010
110101000000001100000111
110101000010011110011000
110101000100110001000011
110101000111000100001001
110101001001010111101010
110101001011101011100110
110101001101111111111101
110101010000010100101110
110101010010101001111010
110101010100111111100000
110101010111010101100001
110101011001101011111100
110101011100000010110000
110101011110011001111111
110101100000110001101000
110101100011001001101011
110101100101100010001000
110101100111111010111110
110101101010010100001110
110101101100101101110111
110101101111000111111010
110101110001100010010110
110101110011111101001100
110101110110011000011010
110101111000110100000010
110101111011010000000010
110101111101101100011100
110110000000001001001110
110110000010100110011001
110110000101000011111100
110110000111100001111000
110110001010000000001100
110110001100011110111001
110110001110111101111110
110110010001011101011010
110110010011111101001111
110110010110011101011100
110110011000111110000000
110110011011011110111101
110110011110000000010001
110110100000100001111100
110110100011000011111111
110110100101100110011001
110110101000001001001010
110110101010101100010011
110110101101001111110010
110110101111110011101001
110110110010010111110110
110110110100111100011010
110110110111100001010101
110110111010000110100110
110110111100101100001101
110110111111010010001011
110111000001111000011111
110111000100011111001010
110111000111000110001010
110111001001101101100000
110111001100010101001100
110111001110111101001110
110111010001100101100110
110111010100001110010011
110111010110110111010101
110111011001100000101101
110111011100001010011010
110111011110110100011100
110111100001011110110011
110111100100001001011111
110111100110110100100000
110111101001011111110101
110111101100001011100000
110111101110110111011110
110111110001100011110001
110111110100010000011001
110111110110111101010100
110111111001101010100100
110111111100011000000111
110111111111000101111111
111000000001110100001010
111000000100100010101001
111000000111010001011100
111000001010000000100010
111000001100101111111011
111000001111011111100111
111000010010001111100111
111000010100111111111010
111000010111110000100000
111000011010100001011000
111000011101010010100011
111000100000000100000001
111000100010110101110001
111000100101100111110100
111000101000011010001001
111000101011001100110000
111000101101111111101010
111000110000110010110101
111000110011100110010010
111000110110011010000001
111000111001001110000001
111000111100000010010011
111000111110110110110111
111001000001101011101011
111001000100100000110001
111001000111010110001000
111001001010001011110000
111001001101000001101001
111001001111110111110011
111001010010101110001101
111001010101100100111000
111001011000011011110100
111001011011010010111111
111001011110001010011011
111001100001000010000111
111001100011111010000011
111001100110110010001111
111001101001101010101011
111001101100100011010110
111001101111011100010001
111001110010010101011011
111001110101001110110101
111001111000001000011110
111001111011000010010110
111001111101111100011101
111010000000110110110011
111010000011110001010111
111010000110101100001010
111010001001100111001100
111010001100100010011101
111010001111011101111011
111010010010011001101000
111010010101010101100011
111010011000010001101100
111010011011001110000010
111010011110001010100111
111010100001000111011001
111010100100000100011001
111010100111000001100110
111010101001111111000000
111010101100111100101000
111010101111111010011100
111010110010111000011110
111010110101110110101101
111010111000110101001000
111010111011110011101111
111010111110110010100100
111011000001110001100100
111011000100110000110001
111011000111110000001010
111011001010101111110000
111011001101101111100001
111011010000101111011101
111011010011101111100110
111011010110101111111010
111011011001110000011010
111011011100110001000101
111011011111110001111011
111011100010110010111100
111011100101110100001000
111011101000110101011111
111011101011110111000001
111011101110111000101110
111011110001111010100101
111011110100111100100110
111011110111111110110010
111011111011000001001000
111011111110000011101000
111100000001000110010010
111100000100001001000110
111100000111001100000100
111100001010001111001011
111100001101010010011011
111100010000010101110101
111100010011011001011000
111100010110011101000101
111100011001100000111010
111100011100100100111000
111100011111101000111111
111100100010101101001111
111100100101110001100111
111100101000110110000111
111100101011111010110000
111100101110111111100001
111100110010000100011010
111100110101001001011011
111100111000001110100100
111100111011010011110101
111100111110011001001101
111101000001011110101100
111101000100100100010011
111101000111101010000001
111101001010101111110111
111101001101110101110011
111101010000111011110110
111101010100000010000000
111101010111001000010000
111101011010001110100111
111101011101010101000101
111101100000011011101000
111101100011100010010010
111101100110101001000010
111101101001101111111000
111101101100110110110011
111101101111111101110101
111101110011000100111100
111101110110001100001000
111101111001010011011001
111101111100011010110000
111101111111100010001100
111110000010101001101101
111110000101110001010010
111110001000111000111100
111110001100000000101011
111110001111001000011111
111110010010010000010110
111110010101011000010010
111110011000100000010010
111110011011101000010110
111110011110110000011110
111110100001111000101010
111110100101000000111001
111110101000001001001100
111110101011010001100010
111110101110011001111100
111110110001100010011000
111110110100101010111000
111110110111110011011010
111110111010111100000000
111110111110000100101000
111111000001001101010010
111111000100010101111111
111111000111011110101110
111111001010100111100000
111111001101110000010011
111111010000111001001001
111111010100000010000000
111111010111001010111001
111111011010010011110011
111111011101011100101111
111111100000100101101101
111111100011101110101011
111111100110110111101011
111111101010000000101011
111111101101001001101101
111111110000010010101111
111111110011011011110001
111111110110100100110101
111111111001101101111000
111111111100110110111100
000000000000000000000000
000000000011001001000100
000000000110010010001000
000000001001011011001011
000000001100100100001111
000000001111101101010001
000000010010110110010011
000000010101111111010101
000000011001001000010101
000000011100010001010101
000000011111011010010011
000000100010100011010001
000000100101101100001101
000000101000110101000111
000000101011111110000000
000000101111000110110111
000000110010001111101101
000000110101011000100000
000000111000100001010010
000000111011101010000001
000000111110110010101110
000001000001111011011000
000001000101000100000000
000001001000001100100110
000001001011010101001000
000001001110011101101000
000001010001100110000100
000001010100101110011110
000001010111110110110100
000001011010111111000111
000001011110000111010110
000001100001001111100010
000001100100010111101010
000001100111011111101110
000001101010100111101110
000001101101101111101010
000001110000110111100001
000001110011111111010101
000001110111000111000100
000001111010001110101110
000001111101010110010011
000010000000011101110100
000010000011100101010000
000010000110101100100111
000010001001110011111000
000010001100111011000100
000010010000000010001011
000010010011001001001101
000010010110010000001000
000010011001010110111110
000010011100011101101110
000010011111100100011000
000010100010101010111011
000010100101110001011001
000010101000110111110000
000010101011111110000000
000010101111000100001010
000010110010001010001101
000010110101010000001001
000010111000010101111111
000010111011011011101101
000010111110100001010100
000011000001100110110011
000011000100101100001011
000011000111110001011100
000011001010110110100101
000011001101111011100110
000011010001000000011111
000011010100000101010000
000011010111001001111001
000011011010001110011001
000011011101010010110001
000011100000010111000001
000011100011011011001000
000011100110011111000110
000011101001100010111011
000011101100100110101000
000011101111101010001011
000011110010101101100101
000011110101110000110101
000011111000110011111100
000011111011110110111010
000011111110111001101110
000100000001111100011000
000100000100111110111000
000100001000000001001110
000100001011000011011010
000100001110000101011011
000100010001000111010010
000100010100001000111111
000100010111001010100001
000100011010001011111000
000100011101001101000100
000100100000001110000101
000100100011001110111011
000100100110001111100110
000100101001010000000110
000100101100010000011010
000100101111010000100011
000100110010010000011111
000100110101010000010000
000100111000001111110110
000100111011001111001111
000100111110001110011100
000101000001001101011100
000101000100001100010001
000101000111001010111000
000101001010001001010011
000101001101000111100010
000101010000000101100100
000101010011000011011000
000101010110000001000000
000101011000111110011010
000101011011111011100111
000101011110111000100111
000101100001110101011001
000101100100110001111110
000101100111101110010100
000101101010101010011101
000101101101100110011000
000101110000100010000101
000101110011011101100011
000101110110011000110100
000101111001010011110110
000101111100001110101001
000101111111001001001101
000110000010000011100011
000110000100111101101010
000110000111110111100010
000110001010110001001011
000110001101101010100101
000110010000100011101111
000110010011011100101010
000110010110010101010101
000110011001001101110001
000110011100000101111101
000110011110111101111001
000110100001110101100101
000110100100101101000001
000110100111100100001100
000110101010011011001000
000110101101010001110011
000110110000001000001101
000110110010111110010111
000110110101110100010000
000110111000101001111000
000110111011011111001111
000110111110010100010101
000111000001001001001001
000111000011111101101101
000111000110110001111111
000111001001100101111111
000111001100011001101110
000111001111001101001011
000111010010000000010110
000111010100110011010000
000111010111100101110111
000111011010011000001100
000111011101001010001111
000111011111111011111111
000111100010101101011101
000111100101011110101000
000111101000001111100000
000111101011000000000110
000111101101110000011001
000111110000100000011001
000111110011010000000101
000111110101111111011110
000111111000101110100100
000111111011011101010111
000111111110001011110110
001000000000111010000001
001000000011100111111001
001000000110010101011100
001000001001000010101100
001000001011101111100111
001000001110011100001111
001000010001001000100010
001000010011110100100000
001000010110100000001011
001000011001001011100000
001000011011110110100001
001000011110100001001101
001000100001001011100100
001000100011110101100110
001000100110011111010011
001000101001001000101011
001000101011110001101101
001000101110011010011010
001000110001000010110010
001000110011101010110100
001000110110010010100000
001000111000111001110110
001000111011100000110110
001000111110000111100001
001001000000101101110101
001001000011010011110011
001001000101111001011010
001001001000011110101011
001001001011000011100110
001001001101101000001010
001001010000001100010111
001001010010110000001110
001001010101010011101101
001001010111110110110110
001001011010011001100111
001001011100111100000001
001001011111011110000100
001001100001111111101111
001001100100100001000011
001001100111000010000000
001001101001100010100100
001001101100000010110001
001001101110100010100110
001001110001000010000010
001001110011100001000111
001001110101111111110100
001001111000011110001000
001001111010111100000100
001001111101011001100111
001001111111110110110010
001010000010010011100100
001010000100101111111110
001010000111001011111110
001010001001100111100110
001010001100000010110100
001010001110011101101010
001010010000111000000110
001010010011010010001001
001010010101101011110010
001010011000000101000010
001010011010011101111000
001010011100110110010101
001010011111001110011000
001010100001100110000001
001010100011111101010000
001010100110010100000100
001010101000101010011111
001010101011000000100000
001010101101010110000110
001010101111101011010010
001010110010000000000011
001010110100010100011010
001010110110101000010110
001010111000111011110111
001010111011001110111101
001010111101100001101000
001010111111110011111001
001011000010000101101110
001011000100010111001000
001011000110101000000111
001011001000111000101010
001011001011001000110010
001011001101011000011110
001011001111100111101110
001011010001110110100011
001011010100000100111100
001011010110010010111001
001011011000100000011010
001011011010101101011111
001011011100111010001000
001011011111000110010100
001011100001010010000101
001011100011011101011000
001011100101101000010000
001011100111110010101010
001011101001111100101000
001011101100000110001010
001011101110001111001110
001011110000010111110101
001011110010100000000000
001011110100100111101101
001011110110101110111110
001011111000110101110000
001011111010111100000110
001011111101000001111110
001011111111000111011001
001100000001001100010110
001100000011010000110110
001100000101010100110111
001100000111011000011011
001100001001011011100001
001100001011011110001001
001100001101100000010011
001100001111100001111111
001100010001100011001101
001100010011100011111100
001100010101100100001101
001100010111100100000000
001100011001100011010100
001100011011100010001010
001100011101100000100000
001100011111011110011001
001100100001011011110010
001100100011011000101100
001100100101010101000111
001100100111010001000100
001100101001001100100001
001100101011000111011111
001100101101000001111110
001100101110111011111101
001100110000110101011101
001100110010101110011110
001100110100100110111110
001100110110011111000000
001100111000010110100001
001100111010001101100011
001100111100000100000101
001100111101111010000111
001100111111101111101001
001101000001100100101011
001101000011011001001101
001101000101001101001110
001101000111000000110000
001101001000110011110001
001101001010100110010001
001101001100011000010001
001101001110001001110001
001101001111111010110000
001101010001101011001110
001101010011011011001011
001101010101001010101000
001101010110111001100100
001101011000100111111111
001101011010010101111000
001101011100000011010001
001101011101110000001001
001101011111011100011111
001101100001001000010100
001101100010110011100111
001101100100011110011010
001101100110001000101010
001101100111110010011010
001101101001011011100111
001101101011000100010011
001101101100101100011101
001101101110010100000110
001101101111111011001100
001101110001100001110001
001101110011000111110011
001101110100101101010100
001101110110010010010010
001101110111110110101111
001101111001011010101001
001101111010111110000000
001101111100100000110110
001101111110000011001001
001101111111100100111001
001110000001000110000111
001110000010100110110011
001110000100000110111100
001110000101100110100010
001110000111000101100101
001110001000100100000110
001110001010000010000011
001110001011011111011110
001110001100111100010110
001110001110011000101010
001110001111110100011100
001110010001001111101010
001110010010101010010101
001110010100000100011101
001110010101011110000010
001110010110110111000011
001110011000001111100001
001110011001100111011011
001110011010111110110010
001110011100010101100101
001110011101101011110101
001110011111000001100001
001110100000010110101001
001110100001101011001101
001110100010111111001110
001110100100010010101011
001110100101100101100011
001110100110110111111000
001110101000001001101001
001110101001011010110101
001110101010101011011110
001110101011111011100010
001110101101001011000010
001110101110011001111110
001110101111101000010101
001110110000110110001000
001110110010000011010111
001110110011010000000001
001110110100011100000110
001110110101100111100111
001110110110110010100100
001110110111111100111100
001110111001000110101111
001110111010001111111101
001110111011011000100110
001110111100100000101011
001110111101101000001011
001110111110101111000110
001110111111110101011100
001111000000111011001101
001111000010000000011001
001111000011000100111111
001111000100001001000001
001111000101001100011110
001111000110001111010101
001111000111010001100111
001111001000010011010100
001111001001010100011011
001111001010010100111101
001111001011010100111010
001111001100010100010001
001111001101010011000011
001111001110010001001111
001111001111001110110101
001111010000001011110110
001111010001001000010010
001111010010000100000111
001111010010111111010111
001111010011111010000010
001111010100110100000110
001111010101101101100101
001111010110100110011110
001111010111011110110001
001111011000010110011110
001111011001001101100101
001111011010000100000110
001111011010111010000001
001111011011101111010110
001111011100100100000101
001111011101011000001110
001111011110001011110000
001111011110111110101101
001111011111110001000011
001111100000100010110011
001111100001010011111101
001111100010000100100001
001111100010110100011110
001111100011100011110101
001111100100010010100101
001111100101000000101111
001111100101101110010011
001111100110011011010000
001111100111000111100110
001111100111110011010110
001111101000011110100000
001111101001001001000011
001111101001110010111111
001111101010011100010101
001111101011000101000100
001111101011101101001101
001111101100010100101111
001111101100111011101010
001111101101100001111110
001111101110000111101100
001111101110101100110010
001111101111010001010010
001111101111110101001011
001111110000011000011110
001111110000111011001001
001111110001011101001101
001111110001111110101011
001111110010011111100010
001111110010111111110001
001111110011011111011010
001111110011111110011100
001111110100011100110110
001111110100111010101010
001111110101010111110111
001111110101110100011100
001111110110010000011011
001111110110101011110010
001111110111000110100010
001111110111100000101011
001111110111111010001101
001111111000010011001000
001111111000101011011011
001111111001000011001000
001111111001011010001101
001111111001110000101011
001111111010000110100010
001111111010011011110001
001111111010110000011001
001111111011000100011010
001111111011010111110100
001111111011101010100110
001111111011111100110001
001111111100001110010101
001111111100011111010001
001111111100101111100110
001111111100111111010100
001111111101001110011010
001111111101011100111001
001111111101101010110001
001111111101111000000001
001111111110000100101010
001111111110010000101011
001111111110011100000101
001111111110100110111000
001111111110110001000011
001111111110111010100110
001111111111000011100011
001111111111001011111000
001111111111010011100101
001111111111011010101011
001111111111100001001001
001111111111100111000000
001111111111101100010000
001111111111110000111000
001111111111110100111000
001111111111111000010010
001111111111111011000011
001111111111111101001101
001111111111111110110000
001111111111111111101011
001111111111111111111111
001111111111111111101011
001111111111111110110000
001111111111111101001101
001111111111111011000011
001111111111111000010010
001111111111110100111000
001111111111110000111000
001111111111101100010000
001111111111100111000000
001111111111100001001001
001111111111011010101011
001111111111010011100101
001111111111001011111000
001111111111000011100011
001111111110111010100110
001111111110110001000011
001111111110100110111000
001111111110011100000101
001111111110010000101011
001111111110000100101010
001111111101111000000001
001111111101101010110001
001111111101011100111001
001111111101001110011010
001111111100111111010100
001111111100101111100110
001111111100011111010001
001111111100001110010101
001111111011111100110001
001111111011101010100110
001111111011010111110100
001111111011000100011010
001111111010110000011001
001111111010011011110001
001111111010000110100010
001111111001110000101011
001111111001011010001101
001111111001000011001000
001111111000101011011011
001111111000010011001000
001111110111111010001101
001111110111100000101011
001111110111000110100010
001111110110101011110010
001111110110010000011011
001111110101110100011100
001111110101010111110111
001111110100111010101010
001111110100011100110110
001111110011111110011100
001111110011011111011010
001111110010111111110001
001111110010011111100010
001111110001111110101011
001111110001011101001101
001111110000111011001001
001111110000011000011110
001111101111110101001011
001111101111010001010010
001111101110101100110010
001111101110000111101100
001111101101100001111110
001111101100111011101010
001111101100010100101111
001111101011101101001101
001111101011000101000100
001111101010011100010101
001111101001110010111111
001111101001001001000011
001111101000011110100000
001111100111110011010110
001111100111000111100110
001111100110011011010000
001111100101101110010011
001111100101000000101111
001111100100010010100101
001111100011100011110101
001111100010110100011110
001111100010000100100001
001111100001010011111101
001111100000100010110011
001111011111110001000011
001111011110111110101101
001111011110001011110000
001111011101011000001110
001111011100100100000101
001111011011101111010110
001111011010111010000001
001111011010000100000110
001111011001001101100101
001111011000010110011110
001111010111011110110001
001111010110100110011110
001111010101101101100101
001111010100110100000110
001111010011111010000010
001111010010111111010111
001111010010000100000111
001111010001001000010010
001111010000001011110110
001111001111001110110101
001111001110010001001111
001111001101010011000011
001111001100010100010001
001111001011010100111010
001111001010010100111101
001111001001010100011011
001111001000010011010100
001111000111010001100111
001111000110001111010101
001111000101001100011110
001111000100001001000001
001111000011000100111111
001111000010000000011001
001111000000111011001101
001110111111110101011100
001110111110101111000110
001110111101101000001011
001110111100100000101011
001110111011011000100110
001110111010001111111101
001110111001000110101111
001110110111111100111100
001110110110110010100100
001110110101100111100111
001110110100011100000110
001110110011010000000001
001110110010000011010111
001110110000110110001000
001110101111101000010101
001110101110011001111110
001110101101001011000010
001110101011111011100010
001110101010101011011110
001110101001011010110101
001110101000001001101001
001110100110110111111000
001110100101100101100011
001110100100010010101011
001110100010111111001110
001110100001101011001101
001110100000010110101001
001110011111000001100001
001110011101101011110101
001110011100010101100101
001110011010111110110010
001110011001100111011011
001110011000001111100001
001110010110110111000011
001110010101011110000010
001110010100000100011101
001110010010101010010101
001110010001001111101010
001110001111110100011100
001110001110011000101010
001110001100111100010110
001110001011011111011110
001110001010000010000011
001110001000100100000110
001110000111000101100101
001110000101100110100010
001110000100000110111100
001110000010100110110011
001110000001000110000111
001101111111100100111001
001101111110000011001001
001101111100100000110110
001101111010111110000000
001101111001011010101001
001101110111110110101111
001101110110010010010010
001101110100101101010100
001101110011000111110011
001101110001100001110001
001101101111111011001100
001101101110010100000110
001101101100101100011101
001101101011000100010011
001101101001011011100111
001101100111110010011010
001101100110001000101010
001101100100011110011010
001101100010110011100111
001101100001001000010100
001101011111011100011111
001101011101110000001001
001101011100000011010001
001101011010010101111000
001101011000100111111111
001101010110111001100100
001101010101001010101000
001101010011011011001011
001101010001101011001110
001101001111111010110000
001101001110001001110001
001101001100011000010001
001101001010100110010001
001101001000110011110001
001101000111000000110000
001101000101001101001110
001101000011011001001101
001101000001100100101011
001100111111101111101001
001100111101111010000111
001100111100000100000101
001100111010001101100011
001100111000010110100001
001100110110011111000000
001100110100100110111110
001100110010101110011110
001100110000110101011101
001100101110111011111101
001100101101000001111110
001100101011000111011111
001100101001001100100001
001100100111010001000100
001100100101010101000111
001100100011011000101100
001100100001011011110010
001100011111011110011001
001100011101100000100000
001100011011100010001010
001100011001100011010100
001100010111100100000000
001100010101100100001101
001100010011100011111100
001100010001100011001101
001100001111100001111111
001100001101100000010011
001100001011011110001001
001100001001011011100001
001100000111011000011011
001100000101010100110111
001100000011010000110110
001100000001001100010110
001011111111000111011001
001011111101000001111110
001011111010111100000110
001011111000110101110000
001011110110101110111110
001011110100100111101101
001011110010100000000000
001011110000010111110101
001011101110001111001110
001011101100000110001010
001011101001111100101000
001011100111110010101010
001011100101101000010000
001011100011011101011000
001011100001010010000101
001011011111000110010100
001011011100111010001000
001011011010101101011111
001011011000100000011010
001011010110010010111001
001011010100000100111100
001011010001110110100011
001011001111100111101110
001011001101011000011110
001011001011001000110010
001011001000111000101010
001011000110101000000111
001011000100010111001000
001011000010000101101110
001010111111110011111001
001010111101100001101000
001010111011001110111101
001010111000111011110111
001010110110101000010110
001010110100010100011010
001010110010000000000011
001010101111101011010010
001010101101010110000110
001010101011000000100000
001010101000101010011111
001010100110010100000100
001010100011111101010000
001010100001100110000001
001010011111001110011000
001010011100110110010101
001010011010011101111000
001010011000000101000010
001010010101101011110010
001010010011010010001001
001010010000111000000110
001010001110011101101010
001010001100000010110100
001010001001100111100110
001010000111001011111110
001010000100101111111110
001010000010010011100100
001001111111110110110010
001001111101011001100111
001001111010111100000100
001001111000011110001000
001001110101111111110100
001001110011100001000111
001001110001000010000010
001001101110100010100110
001001101100000010110001
001001101001100010100100
001001100111000010000000
001001100100100001000011
001001100001111111101111
001001011111011110000100
001001011100111100000001
001001011010011001100111
001001010111110110110110
001001010101010011101101
001001010010110000001110
001001010000001100010111
001001001101101000001010
001001001011000011100110
001001001000011110101011
001001000101111001011010
001001000011010011110011
001001000000101101110101
001000111110000111100001
001000111011100000110110
001000111000111001110110
001000110110010010100000
001000110011101010110100
001000110001000010110010
001000101110011010011010
001000101011110001101101
001000101001001000101011
001000100110011111010011
001000100011110101100110
001000100001001011100100
001000011110100001001101
001000011011110110100001
001000011001001011100000
001000010110100000001011
001000010011110100100000
001000010001001000100010
001000001110011100001111
001000001011101111100111
001000001001000010101100
001000000110010101011100
001000000011100111111001
001000000000111010000001
000111111110001011110110
000111111011011101010111
000111111000101110100100
000111110101111111011110
000111110011010000000101
000111110000100000011001
000111101101110000011001
000111101011000000000110
000111101000001111100000
000111100101011110101000
000111100010101101011101
000111011111111011111111
000111011101001010001111
000111011010011000001100
000111010111100101110111
000111010100110011010000
000111010010000000010110
000111001111001101001011
000111001100011001101110
000111001001100101111111
000111000110110001111111
000111000011111101101101
000111000001001001001001
000110111110010100010101
000110111011011111001111
000110111000101001111000
000110110101110100010000
000110110010111110010111
000110110000001000001101
000110101101010001110011
000110101010011011001000
000110100111100100001100
000110100100101101000001
000110100001110101100101
000110011110111101111001
000110011100000101111101
000110011001001101110001
000110010110010101010101
000110010011011100101010
000110010000100011101111
000110001101101010100101
000110001010110001001011
000110000111110111100010
000110000100111101101010
000110000010000011100011
000101111111001001001101
000101111100001110101001
000101111001010011110110
000101110110011000110100
000101110011011101100011
000101110000100010000101
000101101101100110011000
000101101010101010011101
000101100111101110010100
000101100100110001111110
000101100001110101011001
000101011110111000100111
000101011011111011100111
000101011000111110011010
000101010110000001000000
000101010011000011011000
000101010000000101100100
000101001101000111100010
000101001010001001010011
000101000111001010111000
000101000100001100010001
000101000001001101011100
000100111110001110011100
000100111011001111001111
000100111000001111110110
000100110101010000010000
000100110010010000011111
000100101111010000100011
000100101100010000011010
000100101001010000000110
000100100110001111100110
000100100011001110111011
000100100000001110000101
000100011101001101000100
000100011010001011111000
000100010111001010100001
000100010100001000111111
000100010001000111010010
000100001110000101011011
000100001011000011011010
000100001000000001001110
000100000100111110111000
000100000001111100011000
000011111110111001101110
000011111011110110111010
000011111000110011111100
000011110101110000110101
000011110010101101100101
000011101111101010001011
000011101100100110101000
000011101001100010111011
000011100110011111000110
000011100011011011001000
000011100000010111000001
000011011101010010110001
000011011010001110011001
000011010111001001111001
000011010100000101010000
000011010001000000011111
000011001101111011100110
000011001010110110100101
000011000111110001011100
000011000100101100001011
000011000001100110110011
000010111110100001010100
000010111011011011101101
000010111000010101111111
000010110101010000001001
000010110010001010001101
000010101111000100001010
000010101011111110000000
000010101000110111110000
000010100101110001011001
000010100010101010111011
000010011111100100011000
000010011100011101101110
000010011001010110111110
000010010110010000001000
000010010011001001001101
000010010000000010001011
000010001100111011000100
000010001001110011111000
000010000110101100100111
000010000011100101010000
000010000000011101110100
000001111101010110010011
000001111010001110101110
000001110111000111000100
000001110011111111010101
000001110000110111100001
000001101101101111101010
000001101010100111101110
000001100111011111101110
000001100100010111101010
000001100001001111100010
000001011110000111010110
000001011010111111000111
000001010111110110110100
000001010100101110011110
000001010001100110000100
000001001110011101101000
000001001011010101001000
000001001000001100100110
000001000101000100000000
000001000001111011011000
000000111110110010101110
000000111011101010000001
000000111000100001010010
000000110101011000100000
000000110010001111101101
000000101111000110110111
000000101011111110000000
000000101000110101000111
000000100101101100001101
000000100010100011010001
000000011111011010010011
000000011100010001010101
000000011001001000010101
000000010101111111010101
000000010010110110010011
000000001111101101010001
000000001100100100001111
000000001001011011001011
000000000110010010001000
000000000011001001000100
000000000000000000000000
111111111100110110111100
111111111001101101111000
111111110110100100110101
111111110011011011110001
111111110000010010101111
111111101101001001101101
111111101010000000101011
111111100110110111101011
111111100011101110101011
111111100000100101101101
111111011101011100101111
111111011010010011110011
111111010111001010111001
111111010100000010000000
111111010000111001001001
111111001101110000010011
111111001010100111100000
111111000111011110101110
111111000100010101111111
111111000001001101010010
111110111110000100101000
111110111010111100000000
111110110111110011011010
111110110100101010111000
111110110001100010011000
111110101110011001111100
111110101011010001100010
111110101000001001001100
111110100101000000111001
111110100001111000101010
111110011110110000011110
111110011011101000010110
111110011000100000010010
111110010101011000010010
111110010010010000010110
111110001111001000011111
111110001100000000101011
111110001000111000111100
111110000101110001010010
111110000010101001101101
111101111111100010001100
111101111100011010110000
111101111001010011011001
111101110110001100001000
111101110011000100111100
111101101111111101110101
111101101100110110110011
111101101001101111111000
111101100110101001000010
111101100011100010010010
111101100000011011101000
111101011101010101000101
111101011010001110100111
111101010111001000010000
111101010100000010000000
111101010000111011110110
111101001101110101110011
111101001010101111110111
111101000111101010000001
111101000100100100010011
111101000001011110101100
111100111110011001001101
111100111011010011110101
111100111000001110100100
111100110101001001011011
111100110010000100011010
111100101110111111100001
111100101011111010110000
111100101000110110000111
111100100101110001100111
111100100010101101001111
111100011111101000111111
111100011100100100111000
111100011001100000111010
111100010110011101000101
111100010011011001011000
111100010000010101110101
111100001101010010011011
111100001010001111001011
111100000111001100000100
111100000100001001000110
111100000001000110010010
111011111110000011101000
111011111011000001001000
111011110111111110110010
111011110100111100100110
111011110001111010100101
111011101110111000101110
111011101011110111000001
111011101000110101011111
111011100101110100001000
111011100010110010111100
111011011111110001111011
111011011100110001000101
111011011001110000011010
111011010110101111111010
111011010011101111100110
111011010000101111011101
111011001101101111100001
111011001010101111110000
111011000111110000001010
111011000100110000110001
111011000001110001100100
111010111110110010100100
111010111011110011101111
111010111000110101001000
111010110101110110101101
111010110010111000011110
111010101111111010011100
111010101100111100101000
111010101001111111000000
111010100111000001100110
111010100100000100011001
111010100001000111011001
111010011110001010100111
111010011011001110000010
111010011000010001101100
111010010101010101100011
111010010010011001101000
111010001111011101111011
111010001100100010011101
111010001001100111001100
111010000110101100001010
111010000011110001010111
111010000000110110110011
111001111101111100011101
111001111011000010010110
111001111000001000011110
111001110101001110110101
111001110010010101011011
111001101111011100010001
111001101100100011010110
111001101001101010101011
111001100110110010001111
111001100011111010000011
111001100001000010000111
111001011110001010011011
111001011011010010111111
111001011000011011110100
111001010101100100111000
111001010010101110001101
111001001111110111110011
111001001101000001101001
111001001010001011110000
111001000111010110001000
111001000100100000110001
111001000001101011101011
111000111110110110110111
111000111100000010010011
111000111001001110000001
111000110110011010000001
111000110011100110010010
111000110000110010110101
111000101101111111101010
111000101011001100110000
111000101000011010001001
111000100101100111110100
111000100010110101110001
111000100000000100000001
111000011101010010100011
111000011010100001011000
111000010111110000100000
111000010100111111111010
111000010010001111100111
111000001111011111100111
111000001100101111111011
111000001010000000100010
111000000111010001011100
111000000100100010101001
111000000001110100001010
110111111111000101111111
110111111100011000000111
110111111001101010100100
110111110110111101010100
110111110100010000011001
110111110001100011110001
110111101110110111011110
110111101100001011100000
110111101001011111110101
110111100110110100100000
110111100100001001011111
110111100001011110110011
110111011110110100011100
110111011100001010011010
110111011001100000101101
110111010110110111010101
110111010100001110010011
110111010001100101100110
110111001110111101001110
110111001100010101001100
110111001001101101100000
110111000111000110001010
110111000100011111001010
110111000001111000011111
110110111111010010001011
110110111100101100001101
110110111010000110100110
110110110111100001010101
110110110100111100011010
110110110010010111110110
110110101111110011101001
110110101101001111110010
110110101010101100010011
110110101000001001001010
110110100101100110011001
110110100011000011111111
110110100000100001111100
110110011110000000010001
110110011011011110111101
110110011000111110000000
110110010110011101011100
110110010011111101001111
110110010001011101011010
110110001110111101111110
110110001100011110111001
110110001010000000001100
110110000111100001111000
110110000101000011111100
110110000010100110011001
110110000000001001001110
110101111101101100011100
110101111011010000000010
110101111000110100000010
110101110110011000011010
110101110011111101001100
110101110001100010010110
110101101111000111111010
110101101100101101110111
110101101010010100001110
110101100111111010111110
110101100101100010001000
110101100011001001101011
110101100000110001101000
110101011110011001111111
110101011100000010110000
110101011001101011111100
110101010111010101100001
110101010100111111100000
110101010010101001111010
110101010000010100101110
110101001101111111111101
110101001011101011100110
110101001001010111101010
110101000111000100001001
110101000100110001000011
110101000010011110011000
110101000000001100000111
110100111101111010010010
110100111011101000111000
110100111001010111111001
110100110111000111010110
110100110100110111001110
110100110010100111100010
110100110000011000010010
110100101110001001011101
110100101011111011000100
110100101001101101000111
110100100111011111100110
110100100101010010100001
110100100011000101111000
110100100000111001101100
110100011110101101111011
110100011100100010101000
110100011010010111110000
110100011000001101010110
110100010110000011011000
110100010011111001110110
110100010001110000110010
110100001111101000001011
110100001101100000000000
110100001011011000010011
110100001001010001000010
110100000111001010010000
110100000101000011111010
110100000010111110000010
110100000000111000100111
110011111110110011101010
110011111100101111001010
110011111010101011001001
110011111000100111100101
110011110110100100011111
110011110100100001110111
110011110010011111101101
110011110000011110000001
110011101110011100110011
110011101100011100000100
110011101010011011110011
110011101000011100000000
110011100110011100101100
110011100100011101110110
110011100010011111100000
110011100000100001100111
110011011110100100001110
110011011100100111010100
110011011010101010111001
110011011000101110111100
110011010110110011011111
110011010100111000100001
110011010010111110000010
110011010001000100000011
110011001111001010100011
110011001101010001100010
110011001011011001000010
110011001001100001000000
110011000111101001011111
110011000101110010011101
110011000011111011111011
110011000010000101111001
110011000000010000010111
110010111110011011010101
110010111100100110110011
110010111010110010110010
110010111000111111010000
110010110111001100001111
110010110101011001101111
110010110011100111101111
110010110001110110001111
110010110000000101010000
110010101110010100110010
110010101100100100110101
110010101010110101011000
110010101001000110011100
110010100111011000000001
110010100101101010001000
110010100011111100101111
110010100010001111110111
110010100000100011100001
110010011110110111101100
110010011101001100011001
110010011011100001100110
110010011001110111010110
110010011000001101100110
110010010110100100011001
110010010100111011101101
110010010011010011100011
110010010001101011111010
110010010000000100110100
110010001110011110001111
110010001100111000001101
110010001011010010101100
110010001001101101101110
110010001000001001010001
110010000110100101010111
110010000101000010000000
110010000011011111001010
110010000001111100110111
110010000000011011000111
110001111110111001111001
110001111101011001001101
110001111011111001000100
110001111010011001011110
110001111000111010011011
110001110111011011111010
110001110101111101111101
110001110100100000100010
110001110011000011101010
110001110001100111010110
110001110000001011100100
110001101110110000010110
110001101101010101101011
110001101011111011100011
110001101010100001111110
110001101001001000111101
110001100111110000011111
110001100110011000100101
110001100101000001001110
110001100011101010011011
110001100010010100001011
110001100000111110011111
110001011111101001010111
110001011110010100110011
110001011101000000110010
110001011011101101010101
110001011010011010011101
110001011001001000001000
110001010111110110010111
110001010110100101001011
110001010101010100100010
110001010100000100011110
110001010010110100111110
110001010001100110000010
110001010000010111101011
110001001111001001111000
110001001101111100101001
110001001100101111111111
110001001011100011111010
110001001010011000011001
110001001001001101011100
110001001000000011000100
110001000110111001010001
110001000101110000000011
110001000100100111011010
110001000011011111010101
110001000010010111110101
110001000001010000111010
110001000000001010100100
110000111111000100110011
110000111101111111100111
110000111100111011000001
110000111011110110111111
110000111010110011100010
110000111001110000101011
110000111000101110011001
110000110111101100101100
110000110110101011100101
110000110101101011000011
110000110100101011000110
110000110011101011101111
110000110010101100111101
110000110001101110110001
110000110000110001001011
110000101111110100001010
110000101110110111101110
110000101101111011111001
110000101101000000101001
110000101100000101111110
110000101011001011111010
110000101010010010011011
110000101001011001100010
110000101000100001001111
110000100111101001100010
110000100110110010011011
110000100101111011111010
110000100101000101111111
110000100100010000101010
110000100011011011111011
110000100010100111110010
110000100001110100010000
110000100001000001010011
110000100000001110111101
110000011111011101001101
110000011110101100000011
110000011101111011011111
110000011101001011100010
110000011100011100001011
110000011011101101011011
110000011010111111010001
110000011010010001101101
110000011001100100110000
110000011000111000011010
110000011000001100101010
110000010111100001100000
110000010110110110111101
110000010110001101000001
110000010101100011101011
110000010100111010111100
110000010100010010110011
110000010011101011010001
110000010011000100010110
110000010010011110000010
110000010001111000010100
110000010001010011001110
110000010000101110101110
110000010000001010110101
110000001111100111100010
110000001111000100110111
110000001110100010110011
110000001110000001010101
110000001101100000011110
110000001101000000001111
110000001100100000100110
110000001100000001100100
110000001011100011001010
110000001011000101010110
110000001010101000001001
110000001010001011100100
110000001001101111100101
110000001001010100001110
110000001000111001011110
110000001000011111010101
110000001000000101110011
110000000111101100111000
110000000111010100100101
110000000110111100111000
110000000110100101110011
110000000110001111010101
110000000101111001011110
110000000101100100001111
110000000101001111100111
110000000100111011100110
110000000100101000001100
110000000100010101011010
110000000100000011001111
110000000011110001101011
110000000011100000101111
110000000011010000011010
110000000011000000101100
110000000010110001100110
110000000010100011000111
110000000010010101001111
110000000010000111111111
110000000001111011010110
110000000001101111010101
110000000001100011111011
110000000001011001001000
110000000001001110111101
110000000001000101011010
110000000000111100011101
110000000000110100001000
110000000000101100011011
110000000000100101010101
110000000000011110110111
110000000000011001000000
110000000000010011110000
110000000000001111001000
110000000000001011001000
110000000000000111101110
110000000000000100111101
110000000000000010110011
110000000000000001010000
110000000000000000010101
