110000000000000000000001
110000000001100001110110
110000000011100111001111
110000000101100100011101
110000000111100110100101
110000001001100100111001
110000001011100110100000
110000001101100101000111
110000001111100110100010
110000010001100101010001
110000010011100110100101
110000010101100101011011
110000010111100110101001
110000011001100101100100
110000011011100110101110
110000011101100101101101
110000011111100110110010
110000100001100101110110
110000100011100110110110
110000100101100101111111
110000100111100110111010
110000101001100110001000
110000101011100110111111
110000101101100110010001
110000101111100111000011
110000110001100110011010
110000110011100111000111
110000110101100110100011
110000110111100111001011
110000111001100110101101
110000111011100111001111
110000111101100110110110
110000111111100111010011
110001000001100110111111
110001000011100111010111
110001000101100111001000
110001000111100111011011
110001001001100111010001
110001001011100111011111
110001001101100111011010
110001001111100111100100
110001010001100111100011
110001010011100111101000
110001010101100111101100
110001010111100111101101
110001011001100111110100
110001011011100111110010
110001011101100111111100
110001011111100111110111
110001100001101000000100
110001100011100111111101
110001100101101000001100
110001100111101000000010
110001101001101000010100
110001101011101000001000
110001101101101000011011
110001101111101000001110
110001110001101000100010
110001110011101000010100
110001110101101000101001
110001110111101000011011
110001111001101000110000
110001111011101000100001
110001111101101000110110
110001111111101000101000
110010000001101000111101
110010000011101000101111
110010000101101001000011
110010000111101000110110
110010001001101001001001
110010001011101000111110
110010001101101001001111
110010001111101001000101
110010010001101001010101
110010010011101001001101
110010010101101001011010
110010010111101001010100
110010011001101001100000
110010011011101001011100
110010011101101001100110
110010011111101001100011
110010100001101001101011
110010100011101001101011
110010100101101001110001
110010100111101001110011
110010101001101001110111
110010101011101001111010
110010101101101001111100
110010101111101010000010
110010110001101010000010
110010110011101010001001
110010110101101010001000
110010110111101010010001
110010111001101010001110
110010111011101010011000
110010111101101010010100
110010111111101010011111
110011000001101010011010
110011000011101010100110
110011000101101010100000
110011000111101010101101
110011001001101010100111
110011001011101010110100
110011001101101010101101
110011001111101010111011
110011010001101010110100
110011010011101011000010
110011010101101010111010
110011010111101011001000
110011011001101011000001
110011011011101011001111
110011011101101011001000
110011011111101011010101
110011100001101011001111
110011100011101011011011
110011100101101011010110
110011100111101011100001
110011101001101011011101
110011101011101011100111
110011101101101011100101
110011101111101011101101
110011110001101011101100
110011110011101011110011
110011110101101011110011
110011110111101011111001
110011111001101011111010
110011111011101011111111
110011111101101100000010
110011111111101100000101
110100000001101100001001
110100000011101100001011
110100000101101100010000
110100000111101100010001
110100001001101100010111
110100001011101100010111
110100001101101100011111
110100001111101100011110
110100010001101100100110
110100010011101100100100
110100010101101100101101
110100010111101100101010
110100011001101100110100
110100011011101100110000
110100011101101100111011
110100011111101100110111
110100100001101101000010
110100100011101100111101
110100100101101101001000
110100100111101101000100
110100101001101101001111
110100101011101101001011
110100101101101101010101
110100101111101101010001
110100110001101101011100
110100110011101101011000
110100110101101101100010
110100110111101101011111
110100111001101101101001
110100111011101101100110
110100111101101101101111
110100111111101101101101
110101000001101101110101
110101000011101101110100
110101000101101101111011
110101000111101101111011
110101001001101110000010
110101001011101110000010
110101001101101110001000
110101001111101110001001
110101010001101110001110
110101010011101110010001
110101010101101110010100
110101010111101110011000
110101011001101110011010
110101011011101110011111
110101011101101110100000
110101011111101110100110
110101100001101110100110
110101100011101110101101
110101100101101110101101
110101100111101110110100
110101101001101110110011
110101101011101110111011
110101101101101110111001
110101101111101111000010
110101110001101111000000
110101110011101111001001
110101110101101111000110
110101110111101111001111
110101111001101111001101
110101111011101111010110
110101111101101111010011
110101111111101111011101
110110000001101111011010
110110000011101111100011
110110000101101111100001
110110000111101111101010
110110001001101111101000
110110001011101111110000
110110001101101111101110
110110001111101111110111
110110010001101111110101
110110010011101111111101
110110010101101111111100
110110010111110000000011
110110011001110000000011
110110011011110000001010
110110011101110000001010
110110011111110000010000
110110100001110000010001
110110100011110000010110
110110100101110000011000
110110100111110000011100
110110101001110000011111
110110101011110000100011
110110101101110000100110
110110101111110000101001
110110110001110000101101
110110110011110000101111
110110110101110000110101
110110110111110000110101
110110111001110000111011
110110111011110000111100
110110111101110001000010
110110111111110001000010
110111000001110001001001
110111000011110001001000
110111000101110001010000
110111000111110001001111
110111001001110001010111
110111001011110001010101
110111001101110001011110
110111001111110001011100
110111010001110001100100
110111010011110001100011
110111010101110001101011
110111010111110001101001
110111011001110001110010
110111011011110001110000
110111011101110001111000
110111011111110001110111
110111100001110001111111
110111100011110001111110
110111100101110010000101
110111100111110010000100
110111101001110010001011
110111101011110010001011
110111101101110010010010
110111101111110010010010
110111110001110010011000
110111110011110010011001
110111110101110010011110
110111110111110010100000
110111111001110010100101
110111111011110010100111
110111111101110010101011
110111111111110010101110
111000000001110010110001
111000000011110010110101
111000000101110010111000
111000000111110010111100
111000001001110010111110
111000001011110011000011
111000001101110011000100
111000001111110011001010
111000010001110011001011
111000010011110011010001
111000010101110011010001
111000010111110011011000
111000011001110011010111
111000011011110011011111
111000011101110011011110
111000011111110011100101
111000100001110011100100
111000100011110011101100
111000100101110011101011
111000100111110011110011
111000101001110011110010
111000101011110011111001
111000101101110011111000
111000101111110100000000
111000110001110011111111
111000110011110100000111
111000110101110100000110
111000110111110100001101
111000111001110100001101
111000111011110100010100
111000111101110100010011
111000111111110100011010
111001000001110100011010
111001000011110100100000
111001000101110100100001
111001000111110100100111
111001001001110100101000
111001001011110100101101
111001001101110100101111
111001001111110100110011
111001010001110100110110
111001010011110100111010
111001010101110100111101
111001010111110101000000
111001011001110101000100
111001011011110101000110
111001011101110101001011
111001011111110101001101
111001100001110101010010
111001100011110101010011
111001100101110101011001
111001100111110101011001
111001101001110101100000
111001101011110101100000
111001101101110101100110
111001101111110101100110
111001110001110101101101
111001110011110101101101
111001110101110101110100
111001110111110101110011
111001111001110101111011
111001111011110101111010
111001111101110110000001
111001111111110110000001
111010000001110110001000
111010000011110110000111
111010000101110110001111
111010000111110110001110
111010001001110110010101
111010001011110110010101
111010001101110110011100
111010001111110110011100
111010010001110110100010
111010010011110110100010
111010010101110110101001
111010010111110110101001
111010011001110110101111
111010011011110110110000
111010011101110110110101
111010011111110110110111
111010100001110110111100
111010100011110110111110
111010100101110111000010
111010100111110111000101
111010101001110111001000
111010101011110111001100
111010101101110111001111
111010101111110111010011
111010110001110111010101
111010110011110111011010
111010110101110111011011
111010110111110111100001
111010111001110111100010
111010111011110111100111
111010111101110111101000
111010111111110111101110
111011000001110111101111
111011000011110111110101
111011000101110111110101
111011000111110111111100
111011001001110111111100
111011001011111000000011
111011001101111000000010
111011001111111000001001
111011010001111000001001
111011010011111000010000
111011010101111000010000
111011010111111000010111
111011011001111000010110
111011011011111000011101
111011011101111000011101
111011011111111000100100
111011100001111000100100
111011100011111000101010
111011100101111000101010
111011100111111000110001
111011101001111000110001
111011101011111000110111
111011101101111000111000
111011101111111000111110
111011110001111000111111
111011110011111001000100
111011110101111001000110
111011110111111001001010
111011111001111001001101
111011111011111001010001
111011111101111001010100
111011111111111001010111
111100000001111001011011
111100000011111001011101
111100000101111001100001
111100000111111001100100
111100001001111001101000
111100001011111001101010
111100001101111001101111
111100001111111001110001
111100010001111001110110
111100010011111001110111
111100010101111001111101
111100010111111001111110
111100011001111010000100
111100011011111010000100
111100011101111010001011
111100011111111010001011
111100100001111010010001
111100100011111010010001
111100100101111010011000
111100100111111010011000
111100101001111010011111
111100101011111010011110
111100101101111010100101
111100101111111010100101
111100110001111010101100
111100110011111010101100
111100110101111010110010
111100110111111010110010
111100111001111010111001
111100111011111010111001
111100111101111010111111
111100111111111011000000
111101000001111011000110
111101000011111011000111
111101000101111011001100
111101000111111011001110
111101001001111011010011
111101001011111011010101
111101001101111011011001
111101001111111011011100
111101010001111011011111
111101010011111011100010
111101010101111011100110
111101010111111011101001
111101011001111011101100
111101011011111011110000
111101011101111011110011
111101011111111011110111
111101100001111011111001
111101100011111011111110
111101100101111011111111
111101100111111100000101
111101101001111100000110
111101101011111100001100
111101101101111100001100
111101101111111100010010
111101110001111100010011
111101110011111100011001
111101110101111100011001
111101110111111100100000
111101111001111100100000
111101111011111100100111
111101111101111100100111
111101111111111100101101
111110000001111100101101
111110000011111100110100
111110000101111100110100
111110000111111100111010
111110001001111100111011
111110001011111101000001
111110001101111101000001
111110001111111101001000
111110010001111101001000
111110010011111101001110
111110010101111101001111
111110010111111101010100
111110011001111101010110
111110011011111101011011
111110011101111101011101
111110011111111101100001
111110100001111101100011
111110100011111101101000
111110100101111101101010
111110100111111101101110
111110101001111101110001
111110101011111101110100
111110101101111101111000
111110101111111101111011
111110110001111101111111
111110110011111110000001
111110110101111110000110
111110110111111110001000
111110111001111110001101
111110111011111110001110
111110111101111110010100
111110111111111110010101
111111000001111110011010
111111000011111110011011
111111000101111110100001
111111000111111110100010
111111001001111110101000
111111001011111110101000
111111001101111110101111
111111001111111110101111
111111010001111110110101
111111010011111110110101
111111010101111110111100
111111010111111110111100
111111011001111111000011
111111011011111111000011
111111011101111111001001
111111011111111111001001
111111100001111111010000
111111100011111111010000
111111100101111111010110
111111100111111111010111
111111101001111111011101
111111101011111111011110
111111101101111111100011
111111101111111111100100
111111110001111111101010
111111110011111111101011
111111110101111111110000
111111110111111111110010
111111111001111111110110
111111111011111111111001
111111111101111111111101
000000000000000000000000
000000000010000000000011
000000000100000000000111
000000000110000000001010
000000001000000000001110
000000001010000000010000
000000001100000000010101
000000001110000000010110
000000010000000000011100
000000010010000000011101
000000010100000000100010
000000010110000000100011
000000011000000000101001
000000011010000000101010
000000011100000000110000
000000011110000000110000
000000100000000000110111
000000100010000000110111
000000100100000000111101
000000100110000000111101
000000101000000001000100
000000101010000001000100
000000101100000001001011
000000101110000001001011
000000110000000001010001
000000110010000001010001
000000110100000001011000
000000110110000001011000
000000111000000001011110
000000111010000001011111
000000111100000001100101
000000111110000001100110
000001000000000001101011
000001000010000001101100
000001000100000001110010
000001000110000001110011
000001001000000001111000
000001001010000001111010
000001001100000001111111
000001001110000010000001
000001010000000010000101
000001010010000010001000
000001010100000010001100
000001010110000010001111
000001011000000010010010
000001011010000010010110
000001011100000010011000
000001011110000010011101
000001100000000010011111
000001100010000010100011
000001100100000010100101
000001100110000010101010
000001101000000010101100
000001101010000010110001
000001101100000010110010
000001101110000010111000
000001110000000010111000
000001110010000010111111
000001110100000010111111
000001110110000011000101
000001111000000011000110
000001111010000011001100
000001111100000011001100
000001111110000011010011
000010000000000011010011
000010000010000011011001
000010000100000011011001
000010000110000011100000
000010001000000011100000
000010001010000011100111
000010001100000011100111
000010001110000011101101
000010010000000011101110
000010010010000011110100
000010010100000011110100
000010010110000011111010
000010011000000011111011
000010011010000100000001
000010011100000100000010
000010011110000100000111
000010100000000100001001
000010100010000100001101
000010100100000100010000
000010100110000100010100
000010101000000100010111
000010101010000100011010
000010101100000100011110
000010101110000100100001
000010110000000100100100
000010110010000100100111
000010110100000100101011
000010110110000100101101
000010111000000100110010
000010111010000100110100
000010111100000100111001
000010111110000100111010
000011000000000101000000
000011000010000101000001
000011000100000101000111
000011000110000101000111
000011001000000101001110
000011001010000101001110
000011001100000101010100
000011001110000101010100
000011010000000101011011
000011010010000101011011
000011010100000101100010
000011010110000101100001
000011011000000101101000
000011011010000101101000
000011011100000101101111
000011011110000101101111
000011100000000101110101
000011100010000101110101
000011100100000101111100
000011100110000101111100
000011101000000110000010
000011101010000110000011
000011101100000110001001
000011101110000110001010
000011110000000110001111
000011110010000110010001
000011110100000110010110
000011110110000110011000
000011111000000110011100
000011111010000110011111
000011111100000110100011
000011111110000110100101
000100000000000110101001
000100000010000110101100
000100000100000110101111
000100000110000110110011
000100001000000110110110
000100001010000110111010
000100001100000110111100
000100001110000111000001
000100010000000111000010
000100010010000111001000
000100010100000111001001
000100010110000111001111
000100011000000111001111
000100011010000111010110
000100011100000111010110
000100011110000111011100
000100100000000111011100
000100100010000111100011
000100100100000111100011
000100100110000111101010
000100101000000111101001
000100101010000111110000
000100101100000111110000
000100101110000111110111
000100110000000111110111
000100110010000111111110
000100110100000111111101
000100110110001000000100
000100111000001000000100
000100111010001000001011
000100111100001000001011
000100111110001000010001
000101000000001000010010
000101000010001000011000
000101000100001000011001
000101000110001000011110
000101001000001000011111
000101001010001000100101
000101001100001000100110
000101001110001000101011
000101010000001000101101
000101010010001000110001
000101010100001000110100
000101010110001000111000
000101011000001000111011
000101011010001000111110
000101011100001001000010
000101011110001001000100
000101100000001001001001
000101100010001001001011
000101100100001001010000
000101100110001001010001
000101101000001001010111
000101101010001001010111
000101101100001001011110
000101101110001001011110
000101110000001001100100
000101110010001001100100
000101110100001001101011
000101110110001001101011
000101111000001001110010
000101111010001001110001
000101111100001001111001
000101111110001001111000
000110000000001001111111
000110000010001001111111
000110000100001010000110
000110000110001010000101
000110001000001010001101
000110001010001010001100
000110001100001010010011
000110001110001010010011
000110010000001010011010
000110010010001010011010
000110010100001010100000
000110010110001010100000
000110011000001010100111
000110011010001010100111
000110011100001010101101
000110011110001010101110
000110100000001010110011
000110100010001010110101
000110100100001010111010
000110100110001010111100
000110101000001011000000
000110101010001011000011
000110101100001011000110
000110101110001011001010
000110110000001011001101
000110110010001011010001
000110110100001011010011
000110110110001011011000
000110111000001011011001
000110111010001011011111
000110111100001011100000
000110111110001011100110
000111000000001011100110
000111000010001011101101
000111000100001011101100
000111000110001011110011
000111001000001011110011
000111001010001011111010
000111001100001011111001
000111001110001100000001
000111010000001100000000
000111010010001100001000
000111010100001100000111
000111010110001100001110
000111011000001100001101
000111011010001100010101
000111011100001100010100
000111011110001100011100
000111100000001100011011
000111100010001100100010
000111100100001100100001
000111100110001100101001
000111101000001100101000
000111101010001100101111
000111101100001100101111
000111101110001100110101
000111110000001100110110
000111110010001100111100
000111110100001100111101
000111110110001101000010
000111111000001101000100
000111111010001101001000
000111111100001101001011
000111111110001101001111
001000000000001101010010
001000000010001101010101
001000000100001101011001
001000000110001101011011
001000001000001101100000
001000001010001101100010
001000001100001101100111
001000001110001101101000
001000010000001101101110
001000010010001101101110
001000010100001101110101
001000010110001101110101
001000011000001101111100
001000011010001101111011
001000011100001110000010
001000011110001110000001
001000100000001110001001
001000100010001110001000
001000100100001110010000
001000100110001110001110
001000101000001110010111
001000101010001110010101
001000101100001110011101
001000101110001110011100
001000110000001110100100
001000110010001110100010
001000110100001110101011
001000110110001110101001
001000111000001110110001
001000111010001110110000
001000111100001110111000
001000111110001110110111
001001000000001110111110
001001000010001110111110
001001000100001111000100
001001000110001111000101
001001001000001111001011
001001001010001111001011
001001001100001111010001
001001001110001111010011
001001010000001111010111
001001010010001111011010
001001010100001111011101
001001010110001111100001
001001011000001111100100
001001011010001111101000
001001011100001111101010
001001011110001111101111
001001100000001111110000
001001100010001111110110
001001100100001111110110
001001100110001111111101
001001101000001111111101
001001101010010000000100
001001101100010000000011
001001101110010000001011
001001110000010000001001
001001110010010000010010
001001110100010000010000
001001110110010000011000
001001111000010000010110
001001111010010000011111
001001111100010000011101
001001111110010000100110
001010000000010000100011
001010000010010000101101
001010000100010000101010
001010000110010000110011
001010001000010000110001
001010001010010000111010
001010001100010000110111
001010001110010001000000
001010010000010000111110
001010010010010001000111
001010010100010001000101
001010010110010001001101
001010011000010001001100
001010011010010001010011
001010011100010001010011
001010011110010001011010
001010100000010001011010
001010100010010001100000
001010100100010001100001
001010100110010001100110
001010101000010001101000
001010101010010001101100
001010101100010001101111
001010101110010001110010
001010110000010001110111
001010110010010001111000
001010110100010001111110
001010110110010001111110
001010111000010010000101
001010111010010010000101
001010111100010010001100
001010111110010010001011
001011000000010010010011
001011000010010010010001
001011000100010010011010
001011000110010010010111
001011001000010010100001
001011001010010010011110
001011001100010010101000
001011001110010010100100
001011010000010010101111
001011010010010010101011
001011010100010010110101
001011010110010010110001
001011011000010010111100
001011011010010010111000
001011011100010011000011
001011011110010010111110
001011100000010011001001
001011100010010011000101
001011100100010011010000
001011100110010011001100
001011101000010011010110
001011101010010011010011
001011101100010011011100
001011101110010011011010
001011110000010011100010
001011110010010011100001
001011110100010011101001
001011110110010011101001
001011111000010011101111
001011111010010011110000
001011111100010011110101
001011111110010011110111
001100000000010011111011
001100000010010011111110
001100000100010100000001
001100000110010100000110
001100001000010100000111
001100001010010100001101
001100001100010100001101
001100001110010100010100
001100010000010100010011
001100010010010100011011
001100010100010100011001
001100010110010100100011
001100011000010100011111
001100011010010100101010
001100011100010100100101
001100011110010100110001
001100100000010100101011
001100100010010100111000
001100100100010100110001
001100100110010100111111
001100101000010100111000
001100101010010101000110
001100101100010100111110
001100101110010101001100
001100110000010101000101
001100110010010101010011
001100110100010101001100
001100110110010101011001
001100111000010101010011
001100111010010101100000
001100111100010101011010
001100111110010101100110
001101000000010101100001
001101000010010101101100
001101000100010101101000
001101000110010101110010
001101001000010101101111
001101001010010101111000
001101001100010101110111
001101001110010101111110
001101010000010101111110
001101010010010110000100
001101010100010110000110
001101010110010110001001
001101011000010110001101
001101011010010110001111
001101011100010110010101
001101011110010110010101
001101100000010110011101
001101100010010110011010
001101100100010110100100
001101100110010110100000
001101101000010110101100
001101101010010110100110
001101101100010110110011
001101101110010110101011
001101110000010110111011
001101110010010110110001
001101110100010111000010
001101110110010110110111
001101111000010111001010
001101111010010110111101
001101111100010111010001
001101111110010111000011
001110000000010111011000
001110000010010111001010
001110000100010111011111
001110000110010111010000
001110001000010111100101
001110001010010111010111
001110001100010111101100
001110001110010111011110
001110010000010111110010
001110010010010111100101
001110010100010111111000
001110010110010111101100
001110011000010111111110
001110011010010111110100
001110011100011000000011
001110011110010111111100
001110100000011000001001
001110100010011000000100
001110100100011000001110
001110100110011000001100
001110101000011000010011
001110101010011000010100
001110101100011000011000
001110101110011000011101
001110110000011000011100
001110110010011000100110
001110110100011000100001
001110110110011000101111
001110111000011000100101
001110111010011000111000
001110111100011000101001
001110111110011001000001
001111000000011000101101
001111000010011001001010
001111000100011000110001
001111000110011001010011
001111001000011000110101
001111001010011001011101
001111001100011000111001
001111001110011001100110
001111010000011000111101
001111010010011001101111
001111010100011001000001
001111010110011001111000
001111011000011001000110
001111011010011010000001
001111011100011001001010
001111011110011010001010
001111100000011001001110
001111100010011010010011
001111100100011001010010
001111100110011010011100
001111101000011001010111
001111101010011010100101
001111101100011001011011
001111101110011010101111
001111110000011001011110
001111110010011010111001
001111110100011001100000
001111110110011011000111
001111111000011001011011
001111111010011011100011
001111111100011000110001
001111111110011110001010
001111111111111111111111
001111111110011110001010
001111111100011000110001
001111111010011011100011
001111111000011001011011
001111110110011011000111
001111110100011001100000
001111110010011010111001
001111110000011001011110
001111101110011010101111
001111101100011001011011
001111101010011010100101
001111101000011001010111
001111100110011010011100
001111100100011001010010
001111100010011010010011
001111100000011001001110
001111011110011010001010
001111011100011001001010
001111011010011010000001
001111011000011001000110
001111010110011001111000
001111010100011001000001
001111010010011001101111
001111010000011000111101
001111001110011001100110
001111001100011000111001
001111001010011001011101
001111001000011000110101
001111000110011001010011
001111000100011000110001
001111000010011001001010
001111000000011000101101
001110111110011001000001
001110111100011000101001
001110111010011000111000
001110111000011000100101
001110110110011000101111
001110110100011000100001
001110110010011000100110
001110110000011000011100
001110101110011000011101
001110101100011000011000
001110101010011000010100
001110101000011000010011
001110100110011000001100
001110100100011000001110
001110100010011000000100
001110100000011000001001
001110011110010111111100
001110011100011000000011
001110011010010111110100
001110011000010111111110
001110010110010111101100
001110010100010111111000
001110010010010111100101
001110010000010111110010
001110001110010111011110
001110001100010111101100
001110001010010111010111
001110001000010111100101
001110000110010111010000
001110000100010111011111
001110000010010111001010
001110000000010111011000
001101111110010111000011
001101111100010111010001
001101111010010110111101
001101111000010111001010
001101110110010110110111
001101110100010111000010
001101110010010110110001
001101110000010110111011
001101101110010110101011
001101101100010110110011
001101101010010110100110
001101101000010110101100
001101100110010110100000
001101100100010110100100
001101100010010110011010
001101100000010110011101
001101011110010110010101
001101011100010110010101
001101011010010110001111
001101011000010110001101
001101010110010110001001
001101010100010110000110
001101010010010110000100
001101010000010101111110
001101001110010101111110
001101001100010101110111
001101001010010101111000
001101001000010101101111
001101000110010101110010
001101000100010101101000
001101000010010101101100
001101000000010101100001
001100111110010101100110
001100111100010101011010
001100111010010101100000
001100111000010101010011
001100110110010101011001
001100110100010101001100
001100110010010101010011
001100110000010101000101
001100101110010101001100
001100101100010100111110
001100101010010101000110
001100101000010100111000
001100100110010100111111
001100100100010100110001
001100100010010100111000
001100100000010100101011
001100011110010100110001
001100011100010100100101
001100011010010100101010
001100011000010100011111
001100010110010100100011
001100010100010100011001
001100010010010100011011
001100010000010100010011
001100001110010100010100
001100001100010100001101
001100001010010100001101
001100001000010100000111
001100000110010100000110
001100000100010100000001
001100000010010011111110
001100000000010011111011
001011111110010011110111
001011111100010011110101
001011111010010011110000
001011111000010011101111
001011110110010011101001
001011110100010011101001
001011110010010011100001
001011110000010011100010
001011101110010011011010
001011101100010011011100
001011101010010011010011
001011101000010011010110
001011100110010011001100
001011100100010011010000
001011100010010011000101
001011100000010011001001
001011011110010010111110
001011011100010011000011
001011011010010010111000
001011011000010010111100
001011010110010010110001
001011010100010010110101
001011010010010010101011
001011010000010010101111
001011001110010010100100
001011001100010010101000
001011001010010010011110
001011001000010010100001
001011000110010010010111
001011000100010010011010
001011000010010010010001
001011000000010010010011
001010111110010010001011
001010111100010010001100
001010111010010010000101
001010111000010010000101
001010110110010001111110
001010110100010001111110
001010110010010001111000
001010110000010001110111
001010101110010001110010
001010101100010001101111
001010101010010001101100
001010101000010001101000
001010100110010001100110
001010100100010001100001
001010100010010001100000
001010100000010001011010
001010011110010001011010
001010011100010001010011
001010011010010001010011
001010011000010001001100
001010010110010001001101
001010010100010001000101
001010010010010001000111
001010010000010000111110
001010001110010001000000
001010001100010000110111
001010001010010000111010
001010001000010000110001
001010000110010000110011
001010000100010000101010
001010000010010000101101
001010000000010000100011
001001111110010000100110
001001111100010000011101
001001111010010000011111
001001111000010000010110
001001110110010000011000
001001110100010000010000
001001110010010000010010
001001110000010000001001
001001101110010000001011
001001101100010000000011
001001101010010000000100
001001101000001111111101
001001100110001111111101
001001100100001111110110
001001100010001111110110
001001100000001111110000
001001011110001111101111
001001011100001111101010
001001011010001111101000
001001011000001111100100
001001010110001111100001
001001010100001111011101
001001010010001111011010
001001010000001111010111
001001001110001111010011
001001001100001111010001
001001001010001111001011
001001001000001111001011
001001000110001111000101
001001000100001111000100
001001000010001110111110
001001000000001110111110
001000111110001110110111
001000111100001110111000
001000111010001110110000
001000111000001110110001
001000110110001110101001
001000110100001110101011
001000110010001110100010
001000110000001110100100
001000101110001110011100
001000101100001110011101
001000101010001110010101
001000101000001110010111
001000100110001110001110
001000100100001110010000
001000100010001110001000
001000100000001110001001
001000011110001110000001
001000011100001110000010
001000011010001101111011
001000011000001101111100
001000010110001101110101
001000010100001101110101
001000010010001101101110
001000010000001101101110
001000001110001101101000
001000001100001101100111
001000001010001101100010
001000001000001101100000
001000000110001101011011
001000000100001101011001
001000000010001101010101
001000000000001101010010
000111111110001101001111
000111111100001101001011
000111111010001101001000
000111111000001101000100
000111110110001101000010
000111110100001100111101
000111110010001100111100
000111110000001100110110
000111101110001100110101
000111101100001100101111
000111101010001100101111
000111101000001100101000
000111100110001100101001
000111100100001100100001
000111100010001100100010
000111100000001100011011
000111011110001100011100
000111011100001100010100
000111011010001100010101
000111011000001100001101
000111010110001100001110
000111010100001100000111
000111010010001100001000
000111010000001100000000
000111001110001100000001
000111001100001011111001
000111001010001011111010
000111001000001011110011
000111000110001011110011
000111000100001011101100
000111000010001011101101
000111000000001011100110
000110111110001011100110
000110111100001011100000
000110111010001011011111
000110111000001011011001
000110110110001011011000
000110110100001011010011
000110110010001011010001
000110110000001011001101
000110101110001011001010
000110101100001011000110
000110101010001011000011
000110101000001011000000
000110100110001010111100
000110100100001010111010
000110100010001010110101
000110100000001010110011
000110011110001010101110
000110011100001010101101
000110011010001010100111
000110011000001010100111
000110010110001010100000
000110010100001010100000
000110010010001010011010
000110010000001010011010
000110001110001010010011
000110001100001010010011
000110001010001010001100
000110001000001010001101
000110000110001010000101
000110000100001010000110
000110000010001001111111
000110000000001001111111
000101111110001001111000
000101111100001001111001
000101111010001001110001
000101111000001001110010
000101110110001001101011
000101110100001001101011
000101110010001001100100
000101110000001001100100
000101101110001001011110
000101101100001001011110
000101101010001001010111
000101101000001001010111
000101100110001001010001
000101100100001001010000
000101100010001001001011
000101100000001001001001
000101011110001001000100
000101011100001001000010
000101011010001000111110
000101011000001000111011
000101010110001000111000
000101010100001000110100
000101010010001000110001
000101010000001000101101
000101001110001000101011
000101001100001000100110
000101001010001000100101
000101001000001000011111
000101000110001000011110
000101000100001000011001
000101000010001000011000
000101000000001000010010
000100111110001000010001
000100111100001000001011
000100111010001000001011
000100111000001000000100
000100110110001000000100
000100110100000111111101
000100110010000111111110
000100110000000111110111
000100101110000111110111
000100101100000111110000
000100101010000111110000
000100101000000111101001
000100100110000111101010
000100100100000111100011
000100100010000111100011
000100100000000111011100
000100011110000111011100
000100011100000111010110
000100011010000111010110
000100011000000111001111
000100010110000111001111
000100010100000111001001
000100010010000111001000
000100010000000111000010
000100001110000111000001
000100001100000110111100
000100001010000110111010
000100001000000110110110
000100000110000110110011
000100000100000110101111
000100000010000110101100
000100000000000110101001
000011111110000110100101
000011111100000110100011
000011111010000110011111
000011111000000110011100
000011110110000110011000
000011110100000110010110
000011110010000110010001
000011110000000110001111
000011101110000110001010
000011101100000110001001
000011101010000110000011
000011101000000110000010
000011100110000101111100
000011100100000101111100
000011100010000101110101
000011100000000101110101
000011011110000101101111
000011011100000101101111
000011011010000101101000
000011011000000101101000
000011010110000101100001
000011010100000101100010
000011010010000101011011
000011010000000101011011
000011001110000101010100
000011001100000101010100
000011001010000101001110
000011001000000101001110
000011000110000101000111
000011000100000101000111
000011000010000101000001
000011000000000101000000
000010111110000100111010
000010111100000100111001
000010111010000100110100
000010111000000100110010
000010110110000100101101
000010110100000100101011
000010110010000100100111
000010110000000100100100
000010101110000100100001
000010101100000100011110
000010101010000100011010
000010101000000100010111
000010100110000100010100
000010100100000100010000
000010100010000100001101
000010100000000100001001
000010011110000100000111
000010011100000100000010
000010011010000100000001
000010011000000011111011
000010010110000011111010
000010010100000011110100
000010010010000011110100
000010010000000011101110
000010001110000011101101
000010001100000011100111
000010001010000011100111
000010001000000011100000
000010000110000011100000
000010000100000011011001
000010000010000011011001
000010000000000011010011
000001111110000011010011
000001111100000011001100
000001111010000011001100
000001111000000011000110
000001110110000011000101
000001110100000010111111
000001110010000010111111
000001110000000010111000
000001101110000010111000
000001101100000010110010
000001101010000010110001
000001101000000010101100
000001100110000010101010
000001100100000010100101
000001100010000010100011
000001100000000010011111
000001011110000010011101
000001011100000010011000
000001011010000010010110
000001011000000010010010
000001010110000010001111
000001010100000010001100
000001010010000010001000
000001010000000010000101
000001001110000010000001
000001001100000001111111
000001001010000001111010
000001001000000001111000
000001000110000001110011
000001000100000001110010
000001000010000001101100
000001000000000001101011
000000111110000001100110
000000111100000001100101
000000111010000001011111
000000111000000001011110
000000110110000001011000
000000110100000001011000
000000110010000001010001
000000110000000001010001
000000101110000001001011
000000101100000001001011
000000101010000001000100
000000101000000001000100
000000100110000000111101
000000100100000000111101
000000100010000000110111
000000100000000000110111
000000011110000000110000
000000011100000000110000
000000011010000000101010
000000011000000000101001
000000010110000000100011
000000010100000000100010
000000010010000000011101
000000010000000000011100
000000001110000000010110
000000001100000000010101
000000001010000000010000
000000001000000000001110
000000000110000000001010
000000000100000000000111
000000000010000000000011
000000000000000000000000
111111111101111111111101
111111111011111111111001
111111111001111111110110
111111110111111111110010
111111110101111111110000
111111110011111111101011
111111110001111111101010
111111101111111111100100
111111101101111111100011
111111101011111111011110
111111101001111111011101
111111100111111111010111
111111100101111111010110
111111100011111111010000
111111100001111111010000
111111011111111111001001
111111011101111111001001
111111011011111111000011
111111011001111111000011
111111010111111110111100
111111010101111110111100
111111010011111110110101
111111010001111110110101
111111001111111110101111
111111001101111110101111
111111001011111110101000
111111001001111110101000
111111000111111110100010
111111000101111110100001
111111000011111110011011
111111000001111110011010
111110111111111110010101
111110111101111110010100
111110111011111110001110
111110111001111110001101
111110110111111110001000
111110110101111110000110
111110110011111110000001
111110110001111101111111
111110101111111101111011
111110101101111101111000
111110101011111101110100
111110101001111101110001
111110100111111101101110
111110100101111101101010
111110100011111101101000
111110100001111101100011
111110011111111101100001
111110011101111101011101
111110011011111101011011
111110011001111101010110
111110010111111101010100
111110010101111101001111
111110010011111101001110
111110010001111101001000
111110001111111101001000
111110001101111101000001
111110001011111101000001
111110001001111100111011
111110000111111100111010
111110000101111100110100
111110000011111100110100
111110000001111100101101
111101111111111100101101
111101111101111100100111
111101111011111100100111
111101111001111100100000
111101110111111100100000
111101110101111100011001
111101110011111100011001
111101110001111100010011
111101101111111100010010
111101101101111100001100
111101101011111100001100
111101101001111100000110
111101100111111100000101
111101100101111011111111
111101100011111011111110
111101100001111011111001
111101011111111011110111
111101011101111011110011
111101011011111011110000
111101011001111011101100
111101010111111011101001
111101010101111011100110
111101010011111011100010
111101010001111011011111
111101001111111011011100
111101001101111011011001
111101001011111011010101
111101001001111011010011
111101000111111011001110
111101000101111011001100
111101000011111011000111
111101000001111011000110
111100111111111011000000
111100111101111010111111
111100111011111010111001
111100111001111010111001
111100110111111010110010
111100110101111010110010
111100110011111010101100
111100110001111010101100
111100101111111010100101
111100101101111010100101
111100101011111010011110
111100101001111010011111
111100100111111010011000
111100100101111010011000
111100100011111010010001
111100100001111010010001
111100011111111010001011
111100011101111010001011
111100011011111010000100
111100011001111010000100
111100010111111001111110
111100010101111001111101
111100010011111001110111
111100010001111001110110
111100001111111001110001
111100001101111001101111
111100001011111001101010
111100001001111001101000
111100000111111001100100
111100000101111001100001
111100000011111001011101
111100000001111001011011
111011111111111001010111
111011111101111001010100
111011111011111001010001
111011111001111001001101
111011110111111001001010
111011110101111001000110
111011110011111001000100
111011110001111000111111
111011101111111000111110
111011101101111000111000
111011101011111000110111
111011101001111000110001
111011100111111000110001
111011100101111000101010
111011100011111000101010
111011100001111000100100
111011011111111000100100
111011011101111000011101
111011011011111000011101
111011011001111000010110
111011010111111000010111
111011010101111000010000
111011010011111000010000
111011010001111000001001
111011001111111000001001
111011001101111000000010
111011001011111000000011
111011001001110111111100
111011000111110111111100
111011000101110111110101
111011000011110111110101
111011000001110111101111
111010111111110111101110
111010111101110111101000
111010111011110111100111
111010111001110111100010
111010110111110111100001
111010110101110111011011
111010110011110111011010
111010110001110111010101
111010101111110111010011
111010101101110111001111
111010101011110111001100
111010101001110111001000
111010100111110111000101
111010100101110111000010
111010100011110110111110
111010100001110110111100
111010011111110110110111
111010011101110110110101
111010011011110110110000
111010011001110110101111
111010010111110110101001
111010010101110110101001
111010010011110110100010
111010010001110110100010
111010001111110110011100
111010001101110110011100
111010001011110110010101
111010001001110110010101
111010000111110110001110
111010000101110110001111
111010000011110110000111
111010000001110110001000
111001111111110110000001
111001111101110110000001
111001111011110101111010
111001111001110101111011
111001110111110101110011
111001110101110101110100
111001110011110101101101
111001110001110101101101
111001101111110101100110
111001101101110101100110
111001101011110101100000
111001101001110101100000
111001100111110101011001
111001100101110101011001
111001100011110101010011
111001100001110101010010
111001011111110101001101
111001011101110101001011
111001011011110101000110
111001011001110101000100
111001010111110101000000
111001010101110100111101
111001010011110100111010
111001010001110100110110
111001001111110100110011
111001001101110100101111
111001001011110100101101
111001001001110100101000
111001000111110100100111
111001000101110100100001
111001000011110100100000
111001000001110100011010
111000111111110100011010
111000111101110100010011
111000111011110100010100
111000111001110100001101
111000110111110100001101
111000110101110100000110
111000110011110100000111
111000110001110011111111
111000101111110100000000
111000101101110011111000
111000101011110011111001
111000101001110011110010
111000100111110011110011
111000100101110011101011
111000100011110011101100
111000100001110011100100
111000011111110011100101
111000011101110011011110
111000011011110011011111
111000011001110011010111
111000010111110011011000
111000010101110011010001
111000010011110011010001
111000010001110011001011
111000001111110011001010
111000001101110011000100
111000001011110011000011
111000001001110010111110
111000000111110010111100
111000000101110010111000
111000000011110010110101
111000000001110010110001
110111111111110010101110
110111111101110010101011
110111111011110010100111
110111111001110010100101
110111110111110010100000
110111110101110010011110
110111110011110010011001
110111110001110010011000
110111101111110010010010
110111101101110010010010
110111101011110010001011
110111101001110010001011
110111100111110010000100
110111100101110010000101
110111100011110001111110
110111100001110001111111
110111011111110001110111
110111011101110001111000
110111011011110001110000
110111011001110001110010
110111010111110001101001
110111010101110001101011
110111010011110001100011
110111010001110001100100
110111001111110001011100
110111001101110001011110
110111001011110001010101
110111001001110001010111
110111000111110001001111
110111000101110001010000
110111000011110001001000
110111000001110001001001
110110111111110001000010
110110111101110001000010
110110111011110000111100
110110111001110000111011
110110110111110000110101
110110110101110000110101
110110110011110000101111
110110110001110000101101
110110101111110000101001
110110101101110000100110
110110101011110000100011
110110101001110000011111
110110100111110000011100
110110100101110000011000
110110100011110000010110
110110100001110000010001
110110011111110000010000
110110011101110000001010
110110011011110000001010
110110011001110000000011
110110010111110000000011
110110010101101111111100
110110010011101111111101
110110010001101111110101
110110001111101111110111
110110001101101111101110
110110001011101111110000
110110001001101111101000
110110000111101111101010
110110000101101111100001
110110000011101111100011
110110000001101111011010
110101111111101111011101
110101111101101111010011
110101111011101111010110
110101111001101111001101
110101110111101111001111
110101110101101111000110
110101110011101111001001
110101110001101111000000
110101101111101111000010
110101101101101110111001
110101101011101110111011
110101101001101110110011
110101100111101110110100
110101100101101110101101
110101100011101110101101
110101100001101110100110
110101011111101110100110
110101011101101110100000
110101011011101110011111
110101011001101110011010
110101010111101110011000
110101010101101110010100
110101010011101110010001
110101010001101110001110
110101001111101110001001
110101001101101110001000
110101001011101110000010
110101001001101110000010
110101000111101101111011
110101000101101101111011
110101000011101101110100
110101000001101101110101
110100111111101101101101
110100111101101101101111
110100111011101101100110
110100111001101101101001
110100110111101101011111
110100110101101101100010
110100110011101101011000
110100110001101101011100
110100101111101101010001
110100101101101101010101
110100101011101101001011
110100101001101101001111
110100100111101101000100
110100100101101101001000
110100100011101100111101
110100100001101101000010
110100011111101100110111
110100011101101100111011
110100011011101100110000
110100011001101100110100
110100010111101100101010
110100010101101100101101
110100010011101100100100
110100010001101100100110
110100001111101100011110
110100001101101100011111
110100001011101100010111
110100001001101100010111
110100000111101100010001
110100000101101100010000
110100000011101100001011
110100000001101100001001
110011111111101100000101
110011111101101100000010
110011111011101011111111
110011111001101011111010
110011110111101011111001
110011110101101011110011
110011110011101011110011
110011110001101011101100
110011101111101011101101
110011101101101011100101
110011101011101011100111
110011101001101011011101
110011100111101011100001
110011100101101011010110
110011100011101011011011
110011100001101011001111
110011011111101011010101
110011011101101011001000
110011011011101011001111
110011011001101011000001
110011010111101011001000
110011010101101010111010
110011010011101011000010
110011010001101010110100
110011001111101010111011
110011001101101010101101
110011001011101010110100
110011001001101010100111
110011000111101010101101
110011000101101010100000
110011000011101010100110
110011000001101010011010
110010111111101010011111
110010111101101010010100
110010111011101010011000
110010111001101010001110
110010110111101010010001
110010110101101010001000
110010110011101010001001
110010110001101010000010
110010101111101010000010
110010101101101001111100
110010101011101001111010
110010101001101001110111
110010100111101001110011
110010100101101001110001
110010100011101001101011
110010100001101001101011
110010011111101001100011
110010011101101001100110
110010011011101001011100
110010011001101001100000
110010010111101001010100
110010010101101001011010
110010010011101001001101
110010010001101001010101
110010001111101001000101
110010001101101001001111
110010001011101000111110
110010001001101001001001
110010000111101000110110
110010000101101001000011
110010000011101000101111
110010000001101000111101
110001111111101000101000
110001111101101000110110
110001111011101000100001
110001111001101000110000
110001110111101000011011
110001110101101000101001
110001110011101000010100
110001110001101000100010
110001101111101000001110
110001101101101000011011
110001101011101000001000
110001101001101000010100
110001100111101000000010
110001100101101000001100
110001100011100111111101
110001100001101000000100
110001011111100111110111
110001011101100111111100
110001011011100111110010
110001011001100111110100
110001010111100111101101
110001010101100111101100
110001010011100111101000
110001010001100111100011
110001001111100111100100
110001001101100111011010
110001001011100111011111
110001001001100111010001
110001000111100111011011
110001000101100111001000
110001000011100111010111
110001000001100110111111
110000111111100111010011
110000111101100110110110
110000111011100111001111
110000111001100110101101
110000110111100111001011
110000110101100110100011
110000110011100111000111
110000110001100110011010
110000101111100111000011
110000101101100110010001
110000101011100110111111
110000101001100110001000
110000100111100110111010
110000100101100101111111
110000100011100110110110
110000100001100101110110
110000011111100110110010
110000011101100101101101
110000011011100110101110
110000011001100101100100
110000010111100110101001
110000010101100101011011
110000010011100110100101
110000010001100101010001
110000001111100110100010
110000001101100101000111
110000001011100110100000
110000001001100100111001
110000000111100110100101
110000000101100100011101
110000000011100111001111
110000000001100001110110
