110000000000000000000001
110000000000000100000100
110000000000010000001101
110000000000100100011001
110000000001000000100100
110000000001100100101000
110000000010010000011110
110000000011000011111101
110000000011111110111011
110000000101000001001011
110000000110001010100001
110000000111011010101110
110000001000110001100011
110000001010001110101110
110000001011110001111110
110000001101011011000001
110000001111001001100001
110000010000111101001100
110000010010110101101101
110000010100110010101101
110000010110110011110111
110000011000111000110110
110000011011000001010010
110000011101001100110111
110000011111011011001101
110000100001101011111110
110000100011111110110110
110000100110010011011111
110000101000101001100101
110000101011000000110010
110000101101011000110101
110000101111110001011010
110000110010001010010000
110000110100100011000110
110000110110111011101101
110000111001010011110101
110000111011101011010001
110000111110000001110110
110001000000010111010111
110001000010101011101010
110001000100111110101000
110001000111010000001000
110001001001100000000100
110001001011101110011000
110001001101111010111111
110001010000000101110111
110001010010001110111110
110001010100010110010100
110001010110011011111010
110001011000011111110010
110001011010100001111111
110001011100100010100011
110001011110100001100100
110001100000011111000110
110001100010011011010001
110001100100010110001010
110001100110001111111000
110001101000001000100011
110001101010000000010011
110001101011110111010001
110001101101101101100011
110001101111100011010100
110001110001011000101100
110001110011001101110011
110001110101000010110010
110001110110110111110001
110001111000101100110111
110001111010100010001110
110001111100010111111011
110001111110001110000110
110010000000000100110110
110010000001111100010000
110010000011110100011001
110010000101101101010111
110010000111100111001101
110010001001100001111110
110010001011011101101111
110010001101011010100000
110010001111011000010011
110010010001010111001001
110010010011010111000011
110010010101010111111111
110010010111011001111100
110010011001011100111010
110010011011100000110101
110010011101100101101010
110010011111101011010111
110010100001110001111000
110010100011111001001000
110010100110000001000011
110010101000001001100100
110010101010010010100110
110010101100011100000100
110010101110100101111000
110010110000101111111101
110010110010111010001101
110010110101000100100010
110010110111001110111000
110010111001011001001000
110010111011100011001101
110010111101101101000011
110010111111110110100100
110011000001111111101100
110011000100001000010111
110011000110010000100001
110011001000011000000111
110011001010011111000100
110011001100100101011000
110011001110101011000000
110011010000101111111001
110011010010110100000011
110011010100110111011110
110011010110111010001000
110011011000111100000010
110011011010111101001100
110011011100111101101000
110011011110111101011000
110011100000111100011100
110011100010111010111000
110011100100111000101110
110011100110110110000001
110011101000110010110011
110011101010101111001010
110011101100101011001000
110011101110100110110001
110011110000100010001010
110011110010011101010110
110011110100011000011001
110011110110010011011001
110011111000001110011000
110011111010001001011011
110011111100000100100111
110011111101111111111111
110011111111111011100110
110100000001110111100001
110100000011110011110010
110100000101110000011100
110100000111101101100011
110100001001101011001001
110100001011101001001111
110100001101100111111000
110100001111100111000101
110100010001100110110110
110100010011100111001110
110100010101101000001011
110100010111101001101110
110100011001101011110111
110100011011101110100100
110100011101110001110101
110100011111110101101000
110100100001111001111011
110100100011111110101101
110100100110000011111010
110100101000001001100010
110100101010001111011111
110100101100010101110001
110100101110011100010011
110100110000100011000011
110100110010101001111101
110100110100110000111101
110100110110111000000001
110100111000111111000101
110100111011000110000110
110100111101001101000000
110100111111010011110000
110101000001011010010100
110101000011100000101000
110101000101100110101001
110101000111101100010101
110101001001110001101010
110101001011110110100110
110101001101111011000111
110101001111111111001011
110101010010000010110001
110101010100000101111001
110101010110001000100010
110101011000001010101011
110101011010001100010101
110101011100001101100000
110101011110001110001100
110101100000001110011010
110101100010001110001100
110101100100001101100010
110101100110001100100000
110101101000001011000101
110101101010001001010110
110101101100000111010011
110101101110000100111111
110101110000000010011110
110101110001111111110001
110101110011111100111100
110101110101111010000001
110101110111110111000011
110101111001110100000100
110101111011110001001001
110101111101101110010100
110101111111101011100110
110110000001101001000100
110110000011100110101111
110110000101100100101010
110110000111100010110111
110110001001100001011000
110110001011100000001110
110110001101011111011100
110110001111011111000010
110110010001011111000001
110110010011011111011011
110110010101100000010000
110110010111100001100000
110110011001100011001011
110110011011100101010001
110110011101100111110010
110110011111101010101100
110110100001101101111111
110110100011110001101001
110110100101110101101001
110110100111111001111110
110110101001111110100110
110110101100000011011110
110110101110001000100101
110110110000001101110111
110110110010010011010100
110110110100011000111001
110110110110011110100010
110110111000100100001110
110110111010101001111010
110110111100101111100011
110110111110110101000111
110111000000111010100100
110111000010111111111000
110111000101000101000000
110111000111001001111001
110111001001001110100011
110111001011010010111100
110111001101010111000001
110111001111011010110010
110111010001011110001101
110111010011100001010010
110111010101100011111111
110111010111100110010101
110111011001101000010010
110111011011101001111000
110111011101101011000101
110111011111101011111011
110111100001101100011010
110111100011101100100100
110111100101101100011000
110111100111101011111000
110111101001101011000111
110111101011101010000101
110111101101101000110011
110111101111100111010101
110111110001100101101100
110111110011100011111010
110111110101100010000010
110111110111100000000101
110111111001011110000101
110111111011011100000110
110111111101011010001001
110111111111011000010000
111000000001010110011110
111000000011010100110101
111000000101010011010110
111000000111010010000100
111000001001010001000000
111000001011010000001011
111000001101001111101000
111000001111001111011000
111000010001001111011011
111000010011001111110010
111000010101010000011111
111000010111010001100001
111000011001010010111001
111000011011010100100110
111000011101010110101010
111000011111011001000010
111000100001011011110000
111000100011011110110001
111000100101100010000110
111000100111100101101100
111000101001101001100011
111000101011101101101001
111000101101110001111101
111000101111110110011100
111000110001111011000101
111000110011111111110111
111000110110000100101110
111000111000001001101010
111000111010001110101000
111000111100010011100110
111000111110011000100001
111001000000011101011001
111001000010100010001010
111001000100100110110100
111001000110101011010100
111001001000101111101001
111001001010110011110000
111001001100110111101001
111001001110111011010010
111001010000111110101010
111001010011000001110000
111001010101000100100011
111001010111000111000011
111001011001001001001111
111001011011001011000111
111001011101001100101011
111001011111001101111010
111001100001001110110110
111001100011001111011111
111001100101001111110101
111001100111001111111010
111001101001001111101110
111001101011001111010011
111001101101001110101010
111001101111001101110101
111001110001001100110100
111001110011001011101010
111001110101001010011001
111001110111001001000010
111001111001000111100111
111001111011000110001010
111001111101000100101101
111001111111000011010010
111010000001000001111011
111010000011000000101010
111010000100111111100000
111010000110111110011111
111010001000111101101000
111010001010111100111110
111010001100111100100010
111010001110111100010100
111010010000111100010110
111010010010111100101001
111010010100111101001101
111010010110111110000100
111010011000111111001101
111010011011000000101001
111010011101000010011000
111010011111000100011010
111010100001000110101110
111010100011001001010100
111010100101001100001011
111010100111001111010011
111010101001010010101011
111010101011010110010000
111010101101011010000011
111010101111011110000010
111010110001100010001011
111010110011100110011101
111010110101101010110110
111010110111101111010100
111010111001110011110110
111010111011111000011010
111010111101111100111101
111011000000000001011111
111011000010000101111101
111011000100001010010110
111011000110001110101000
111011001000010010110010
111011001010010110110001
111011001100011010100101
111011001110011110001100
111011010000100001100101
111011010010100100101111
111011010100100111101001
111011010110101010010010
111011011000101100101010
111011011010101110110001
111011011100110000100101
111011011110110010001000
111011100000110011011001
111011100010110100011001
111011100100110101000111
111011100110110101100101
111011101000110101110011
111011101010110101110011
111011101100110101100100
111011101110110101001010
111011110000110100100100
111011110010110011110100
111011110100110010111100
111011110110110001111101
111011111000110000111001
111011111010101111110010
111011111100101110101001
111011111110101101011111
111100000000101100011000
111100000010101011010100
111100000100101010010101
111100000110101001011101
111100001000101000101101
111100001010101000000111
111100001100100111101011
111100001110100111011100
111100010000100111011011
111100010010100111100111
111100010100101000000011
111100010110101000101111
111100011000101001101100
111100011010101010111001
111100011100101100010111
111100011110101110000111
111100100000110000001000
111100100010110010011010
111100100100110100111100
111100100110110111101101
111100101000111010101110
111100101010111101111110
111100101101000001011010
111100101111000101000010
111100110001001000110101
111100110011001100110010
111100110101010000110111
111100110111010101000010
111100111001011001010010
111100111011011101100101
111100111101100001111011
111100111111100110010000
111101000001101010100011
111101000011101110110011
111101000101110010111110
111101000111110111000011
111101001001111011000000
111101001011111110110011
111101001110000010011100
111101010000000101111001
111101010010001001001001
111101010100001100001011
111101010110001110111110
111101011000010001100010
111101011010010011110110
111101011100010101111001
111101011110010111101100
111101100000011001001110
111101100010011010011111
111101100100011011100000
111101100110011100010010
111101101000011100110011
111101101010011101000110
111101101100011101001100
111101101110011101000100
111101110000011100110001
111101110010011100010011
111101110100011011101100
111101110110011010111101
111101111000011010001000
111101111010011001001110
111101111100011000010001
111101111110010111010010
111110000000010110010011
111110000010010101010110
111110000100010100011100
111110000110010011100111
111110001000010010111000
111110001010010010010001
111110001100010001110011
111110001110010001011111
111110010000010001010111
111110010010010001011100
111110010100010001101111
111110010110010010010000
111110011000010011000000
111110011010010011111111
111110011100010101001111
111110011110010110101111
111110100000011000100000
111110100010011010100000
111110100100011100110001
111110100110011111010010
111110101000100010000001
111110101010100100111111
111110101100101000001011
111110101110101011100011
111110110000101111000110
111110110010110010110100
111110110100110110101011
111110110110111010101010
111110111000111110101111
111110111011000010111001
111110111101000111000110
111110111111001011010100
111111000001001111100011
111111000011010011110000
111111000101010111111001
111111000111011011111110
111111001001011111111101
111111001011100011110100
111111001101100111100010
111111001111101011000110
111111010001101110011110
111111010011110001101010
111111010101110100101000
111111010111110111011000
111111011001111001111001
111111011011111100001011
111111011101111110001100
111111011111111111111110
111111100010000001011111
111111100100000010110000
111111100110000011110001
111111101000000100100011
111111101010000101000101
111111101100000101011010
111111101110000101100001
111111110000000101011011
111111110010000101001010
111111110100000100101111
111111110110000100001011
111111111000000011011111
111111111010000010101100
111111111100000001110110
111111111110000000111100
000000000000000000000000
000000000001111111000100
000000000011111110001010
000000000101111101010100
000000000111111100100001
000000001001111011110101
000000001011111011010001
000000001101111010110110
000000001111111010100101
000000010001111010011111
000000010011111010100110
000000010101111010111011
000000010111111011011101
000000011001111100001111
000000011011111101010000
000000011101111110100001
000000100000000000000010
000000100010000001110100
000000100100000011110101
000000100110000110000111
000000101000001000101000
000000101010001011011000
000000101100001110010110
000000101110010001100010
000000110000010100111010
000000110010011000011110
000000110100011100001100
000000110110100000000011
000000111000100100000010
000000111010101000000111
000000111100101100010000
000000111110110000011101
000001000000110100101100
000001000010111000111010
000001000100111101000111
000001000111000001010001
000001001001000101010110
000001001011001001010101
000001001101001101001100
000001001111010000111010
000001010001010100011101
000001010011010111110101
000001010101011011000001
000001010111011101111111
000001011001100000101110
000001011011100011001111
000001011101100101100000
000001011111100111100000
000001100001101001010001
000001100011101010110001
000001100101101100000001
000001100111101101000000
000001101001101101110000
000001101011101110010001
000001101101101110100100
000001101111101110101001
000001110001101110100001
000001110011101110001101
000001110101101101101111
000001110111101101001000
000001111001101100011001
000001111011101011100100
000001111101101010101010
000001111111101001101101
000010000001101000101110
000010000011100111101111
000010000101100110110010
000010000111100101111000
000010001001100101000011
000010001011100100010100
000010001101100011101101
000010001111100011001111
000010010001100010111100
000010010011100010110100
000010010101100010111010
000010010111100011001101
000010011001100011101110
000010011011100100100000
000010011101100101100001
000010011111100110110010
000010100001101000010100
000010100011101010000111
000010100101101100001010
000010100111101110011110
000010101001110001000010
000010101011110011110101
000010101101110110110111
000010101111111010000111
000010110001111101100100
000010110100000001001101
000010110110000101000000
000010111000001000111101
000010111010001101000010
000010111100010001001101
000010111110010101011101
000011000000011001110000
000011000010011110000101
000011000100100010011011
000011000110100110101110
000011001000101010111110
000011001010101111001001
000011001100110011001110
000011001110110111001011
000011010000111010111110
000011010010111110100110
000011010101000010000010
000011010111000101010010
000011011001001000010011
000011011011001011000100
000011011101001101100110
000011011111001111111000
000011100001010001111001
000011100011010011101001
000011100101010101000111
000011100111010110010100
000011101001010111010001
000011101011010111111101
000011101101011000011001
000011101111011000100101
000011110001011000100100
000011110011011000010101
000011110101010111111001
000011110111010111010011
000011111001010110100011
000011111011010101101011
000011111101010100101100
000011111111010011101000
000100000001010010100001
000100000011010001010111
000100000101010000001110
000100000111001111000111
000100001001001110000011
000100001011001101000100
000100001101001100001100
000100001111001011011100
000100010001001010110110
000100010011001010011100
000100010101001010001101
000100010111001010001101
000100011001001010011011
000100011011001010111001
000100011101001011100111
000100011111001100100111
000100100001001101111000
000100100011001111011011
000100100101010001001111
000100100111010011010110
000100101001010101101110
000100101011011000010111
000100101101011011010001
000100101111011110011011
000100110001100001110100
000100110011100101011011
000100110101101001001111
000100110111101101001110
000100111001110001011000
000100111011110101101010
000100111101111010000011
000100111111111110100001
000101000010000011000011
000101000100000111100110
000101000110001100001010
000101001000010000101100
000101001010010101001010
000101001100011001100011
000101001110011101110101
000101010000100001111110
000101010010100101111101
000101010100101001110000
000101010110101101010101
000101011000110000101101
000101011010110011110101
000101011100110110101100
000101011110111001010010
000101100000111011100110
000101100010111101101000
000101100100111111010111
000101100111000000110011
000101101001000001111100
000101101011000010110011
000101101101000011010111
000101101111000011101010
000101110001000011101100
000101110011000011011110
000101110101000011000010
000101110111000010011000
000101111001000001100001
000101111011000000100000
000101111100111111010110
000101111110111110000101
000110000000111100101110
000110000010111011010011
000110000100111001110110
000110000110111000011001
000110001000110110111110
000110001010110101100111
000110001100110100010110
000110001110110011001100
000110010000110010001011
000110010010110001010110
000110010100110000101101
000110010110110000010010
000110011000110000000110
000110011010110000001011
000110011100110000100001
000110011110110001001010
000110100000110010000110
000110100010110011010101
000110100100110100111001
000110100110110110110001
000110101000111000111101
000110101010111011011101
000110101100111110010000
000110101111000001010110
000110110001000100101110
000110110011001000010111
000110110101001100010000
000110110111010000010111
000110111001010100101100
000110111011011001001100
000110111101011101110110
000110111111100010100111
000111000001100111011111
000111000011101100011010
000111000101110001011000
000111000111110110010110
000111001001111011010010
000111001100000000001001
000111001110000100111011
000111010000001001100100
000111010010001110000011
000111010100010010010111
000111010110010110011101
000111011000011010010100
000111011010011101111010
000111011100100001001111
000111011110100100010000
000111100000100110111110
000111100010101001010110
000111100100101011011010
000111100110101101000111
000111101000101110011111
000111101010101111100001
000111101100110000001110
000111101110110000100101
000111110000110000101000
000111110010110000011000
000111110100101111110101
000111110110101111000000
000111111000101101111100
000111111010101100101010
000111111100101011001011
000111111110101001100010
001000000000100111110000
001000000010100101110111
001000000100100011111010
001000000110100001111011
001000001000011111111011
001000001010011101111110
001000001100011100000110
001000001110011010010100
001000010000011000101011
001000010010010111001101
001000010100010101111011
001000010110010100111001
001000011000010100001000
001000011010010011101000
001000011100010011011100
001000011110010011100110
001000100000010100000101
001000100010010100111011
001000100100010110001000
001000100110010111101110
001000101000011001101011
001000101010011100000001
001000101100011110101110
001000101110100001110011
001000110000100101001110
001000110010101000111111
001000110100101101000100
001000110110110001011101
001000111000110110000111
001000111010111011000000
001000111101000000001000
001000111111000101011100
001001000001001010111001
001001000011010000011101
001001000101010110000110
001001000111011011110010
001001001001100001011110
001001001011100111000111
001001001101101100101100
001001001111110010001001
001001010001110111011011
001001010011111100100010
001001010110000001011010
001001011000000110000010
001001011010001010010111
001001011100001110010111
001001011110010010000001
001001100000010101010100
001001100010011000001110
001001100100011010101111
001001100110011100110101
001001101000011110100000
001001101010011111110000
001001101100100000100101
001001101110100000111111
001001110000100000111110
001001110010100000100100
001001110100011111110010
001001110110011110101000
001001111000011101001001
001001111010011011010110
001001111100011001010001
001001111110010110111100
001010000000010100011010
001010000010010001101100
001010000100001110110111
001010000110001011111100
001010001000001000111101
001010001010000101111111
001010001100000011000100
001010001110000000001111
001010001111111101100010
001010010001111011000001
001010010011111000101101
001010010101110110101010
001010010111110100111011
001010011001110011100000
001010011011110010011110
001010011101110001110100
001010011111110001100110
001010100001110001110100
001010100011110010100000
001010100101110011101011
001010100111110101010101
001010101001110111011110
001010101011111010000111
001010101101111101001111
001010110000000000110101
001010110010000100111001
001010110100001001011010
001010110110001110010110
001010111000010011101011
001010111010011001010111
001010111100011111011000
001010111110100101101100
001011000000101100010000
001011000010110011000000
001011000100111001111010
001011000111000000111011
001011001001000111111111
001011001011001111000011
001011001101010110000011
001011001111011100111101
001011010001100011101101
001011010011101010001111
001011010101110000100001
001011010111110110011110
001011011001111100000110
001011011100000001010011
001011011110000110000101
001011100000001010011000
001011100010001110001011
001011100100010001011100
001011100110010100001001
001011101000010110010010
001011101010010111110101
001011101100011000110010
001011101110011001001010
001011110000011000111011
001011110010011000001000
001011110100010110110001
001011110110010100110111
001011111000010010011101
001011111010001111100100
001011111100001100001110
001011111110001000011111
001100000000000100011010
001100000010000000000001
001100000011111011011001
001100000101110110100101
001100000111110001101000
001100001001101100100111
001100001011100111100111
001100001101100010101010
001100001111011101110110
001100010001011001001111
001100010011010100111000
001100010101010000110110
001100010111001101001101
001100011001001001111111
001100011011000111010010
001100011101000101001000
001100011111000011100100
001100100001000010101000
001100100011000010011000
001100100101000010110100
001100100111000011111110
001100101001000101111000
001100101011001000100010
001100101101001011111101
001100101111010000000111
001100110001010101000000
001100110011011010101000
001100110101100000111100
001100110111100111111001
001100111001101111011111
001100111011110111101001
001100111110000000010100
001101000000001001011100
001101000010010010111101
001101000100011100110011
001101000110100110111000
001101001000110001001000
001101001010111011011110
001101001101000101110011
001101001111010000000011
001101010001011010001000
001101010011100011111100
001101010101101101011010
001101010111110110011100
001101011001111110111101
001101011100000110111000
001101011110001110001000
001101100000010100101001
001101100010011010010110
001101100100011111001011
001101100110100011000110
001101101000100110000100
001101101010101000000001
001101101100101000111101
001101101110101000110111
001101110000100111101101
001101110010100101100000
001101110100100010010001
001101110110011110000010
001101111000011000110011
001101111010010010101001
001101111100001011100111
001101111110000011110000
001101111111111011001010
001110000001110001111010
001110000011101000000101
001110000101011101110010
001110000111010011001001
001110001001001000001111
001110001010111101001110
001110001100110010001101
001110001110100111010100
001110010000011100101100
001110010010010010011101
001110010100001000101111
001110010101111111101101
001110010111110111011101
001110011001110000001000
001110011011101001110110
001110011101100100101111
001110011111100000111010
001110100001011110011100
001110100011011101011101
001110100101011110000001
001110100111100000001110
001110101001100100000110
001110101011101001101100
001110101101110001000010
001110101111111010001001
001110110010000101000001
001110110100010001101000
001110110110011111111100
001110111000101111111000
001110111011000001011000
001110111101010100010110
001110111111101000101001
001111000001111110001010
001111000100010100101111
001111000110101100001011
001111001001000100010011
001111001011011100111010
001111001101110101110000
001111010000001110100110
001111010010100111001011
001111010100111111001110
001111010111010110011011
001111011001101100100001
001111011100000001001010
001111011110010100000010
001111100000100100110011
001111100010110011001001
001111100100111110101110
001111100111000111001010
001111101001001100001001
001111101011001101010011
001111101101001010010011
001111101111000010110100
001111110000110110011111
001111110010100100111111
001111110100001110000010
001111110101110001010010
001111110111001110011101
001111111000100101010010
001111111001110101011111
001111111010111110110101
001111111100000001000101
001111111100111100000011
001111111101101111100010
001111111110011011011000
001111111110111111011100
001111111111011011100111
001111111111101111110011
001111111111111011111100
001111111111111111111111
001111111111111011111100
001111111111101111110011
001111111111011011100111
001111111110111111011100
001111111110011011011000
001111111101101111100010
001111111100111100000011
001111111100000001000101
001111111010111110110101
001111111001110101011111
001111111000100101010010
001111110111001110011101
001111110101110001010010
001111110100001110000010
001111110010100100111111
001111110000110110011111
001111101111000010110100
001111101101001010010011
001111101011001101010011
001111101001001100001001
001111100111000111001010
001111100100111110101110
001111100010110011001001
001111100000100100110011
001111011110010100000010
001111011100000001001010
001111011001101100100001
001111010111010110011011
001111010100111111001110
001111010010100111001011
001111010000001110100110
001111001101110101110000
001111001011011100111010
001111001001000100010011
001111000110101100001011
001111000100010100101111
001111000001111110001010
001110111111101000101001
001110111101010100010110
001110111011000001011000
001110111000101111111000
001110110110011111111100
001110110100010001101000
001110110010000101000001
001110101111111010001001
001110101101110001000010
001110101011101001101100
001110101001100100000110
001110100111100000001110
001110100101011110000001
001110100011011101011101
001110100001011110011100
001110011111100000111010
001110011101100100101111
001110011011101001110110
001110011001110000001000
001110010111110111011101
001110010101111111101101
001110010100001000101111
001110010010010010011101
001110010000011100101100
001110001110100111010100
001110001100110010001101
001110001010111101001110
001110001001001000001111
001110000111010011001001
001110000101011101110010
001110000011101000000101
001110000001110001111010
001101111111111011001010
001101111110000011110000
001101111100001011100111
001101111010010010101001
001101111000011000110011
001101110110011110000010
001101110100100010010001
001101110010100101100000
001101110000100111101101
001101101110101000110111
001101101100101000111101
001101101010101000000001
001101101000100110000100
001101100110100011000110
001101100100011111001011
001101100010011010010110
001101100000010100101001
001101011110001110001000
001101011100000110111000
001101011001111110111101
001101010111110110011100
001101010101101101011010
001101010011100011111100
001101010001011010001000
001101001111010000000011
001101001101000101110011
001101001010111011011110
001101001000110001001000
001101000110100110111000
001101000100011100110011
001101000010010010111101
001101000000001001011100
001100111110000000010100
001100111011110111101001
001100111001101111011111
001100110111100111111001
001100110101100000111100
001100110011011010101000
001100110001010101000000
001100101111010000000111
001100101101001011111101
001100101011001000100010
001100101001000101111000
001100100111000011111110
001100100101000010110100
001100100011000010011000
001100100001000010101000
001100011111000011100100
001100011101000101001000
001100011011000111010010
001100011001001001111111
001100010111001101001101
001100010101010000110110
001100010011010100111000
001100010001011001001111
001100001111011101110110
001100001101100010101010
001100001011100111100111
001100001001101100100111
001100000111110001101000
001100000101110110100101
001100000011111011011001
001100000010000000000001
001100000000000100011010
001011111110001000011111
001011111100001100001110
001011111010001111100100
001011111000010010011101
001011110110010100110111
001011110100010110110001
001011110010011000001000
001011110000011000111011
001011101110011001001010
001011101100011000110010
001011101010010111110101
001011101000010110010010
001011100110010100001001
001011100100010001011100
001011100010001110001011
001011100000001010011000
001011011110000110000101
001011011100000001010011
001011011001111100000110
001011010111110110011110
001011010101110000100001
001011010011101010001111
001011010001100011101101
001011001111011100111101
001011001101010110000011
001011001011001111000011
001011001001000111111111
001011000111000000111011
001011000100111001111010
001011000010110011000000
001011000000101100010000
001010111110100101101100
001010111100011111011000
001010111010011001010111
001010111000010011101011
001010110110001110010110
001010110100001001011010
001010110010000100111001
001010110000000000110101
001010101101111101001111
001010101011111010000111
001010101001110111011110
001010100111110101010101
001010100101110011101011
001010100011110010100000
001010100001110001110100
001010011111110001100110
001010011101110001110100
001010011011110010011110
001010011001110011100000
001010010111110100111011
001010010101110110101010
001010010011111000101101
001010010001111011000001
001010001111111101100010
001010001110000000001111
001010001100000011000100
001010001010000101111111
001010001000001000111101
001010000110001011111100
001010000100001110110111
001010000010010001101100
001010000000010100011010
001001111110010110111100
001001111100011001010001
001001111010011011010110
001001111000011101001001
001001110110011110101000
001001110100011111110010
001001110010100000100100
001001110000100000111110
001001101110100000111111
001001101100100000100101
001001101010011111110000
001001101000011110100000
001001100110011100110101
001001100100011010101111
001001100010011000001110
001001100000010101010100
001001011110010010000001
001001011100001110010111
001001011010001010010111
001001011000000110000010
001001010110000001011010
001001010011111100100010
001001010001110111011011
001001001111110010001001
001001001101101100101100
001001001011100111000111
001001001001100001011110
001001000111011011110010
001001000101010110000110
001001000011010000011101
001001000001001010111001
001000111111000101011100
001000111101000000001000
001000111010111011000000
001000111000110110000111
001000110110110001011101
001000110100101101000100
001000110010101000111111
001000110000100101001110
001000101110100001110011
001000101100011110101110
001000101010011100000001
001000101000011001101011
001000100110010111101110
001000100100010110001000
001000100010010100111011
001000100000010100000101
001000011110010011100110
001000011100010011011100
001000011010010011101000
001000011000010100001000
001000010110010100111001
001000010100010101111011
001000010010010111001101
001000010000011000101011
001000001110011010010100
001000001100011100000110
001000001010011101111110
001000001000011111111011
001000000110100001111011
001000000100100011111010
001000000010100101110111
001000000000100111110000
000111111110101001100010
000111111100101011001011
000111111010101100101010
000111111000101101111100
000111110110101111000000
000111110100101111110101
000111110010110000011000
000111110000110000101000
000111101110110000100101
000111101100110000001110
000111101010101111100001
000111101000101110011111
000111100110101101000111
000111100100101011011010
000111100010101001010110
000111100000100110111110
000111011110100100010000
000111011100100001001111
000111011010011101111010
000111011000011010010100
000111010110010110011101
000111010100010010010111
000111010010001110000011
000111010000001001100100
000111001110000100111011
000111001100000000001001
000111001001111011010010
000111000111110110010110
000111000101110001011000
000111000011101100011010
000111000001100111011111
000110111111100010100111
000110111101011101110110
000110111011011001001100
000110111001010100101100
000110110111010000010111
000110110101001100010000
000110110011001000010111
000110110001000100101110
000110101111000001010110
000110101100111110010000
000110101010111011011101
000110101000111000111101
000110100110110110110001
000110100100110100111001
000110100010110011010101
000110100000110010000110
000110011110110001001010
000110011100110000100001
000110011010110000001011
000110011000110000000110
000110010110110000010010
000110010100110000101101
000110010010110001010110
000110010000110010001011
000110001110110011001100
000110001100110100010110
000110001010110101100111
000110001000110110111110
000110000110111000011001
000110000100111001110110
000110000010111011010011
000110000000111100101110
000101111110111110000101
000101111100111111010110
000101111011000000100000
000101111001000001100001
000101110111000010011000
000101110101000011000010
000101110011000011011110
000101110001000011101100
000101101111000011101010
000101101101000011010111
000101101011000010110011
000101101001000001111100
000101100111000000110011
000101100100111111010111
000101100010111101101000
000101100000111011100110
000101011110111001010010
000101011100110110101100
000101011010110011110101
000101011000110000101101
000101010110101101010101
000101010100101001110000
000101010010100101111101
000101010000100001111110
000101001110011101110101
000101001100011001100011
000101001010010101001010
000101001000010000101100
000101000110001100001010
000101000100000111100110
000101000010000011000011
000100111111111110100001
000100111101111010000011
000100111011110101101010
000100111001110001011000
000100110111101101001110
000100110101101001001111
000100110011100101011011
000100110001100001110100
000100101111011110011011
000100101101011011010001
000100101011011000010111
000100101001010101101110
000100100111010011010110
000100100101010001001111
000100100011001111011011
000100100001001101111000
000100011111001100100111
000100011101001011100111
000100011011001010111001
000100011001001010011011
000100010111001010001101
000100010101001010001101
000100010011001010011100
000100010001001010110110
000100001111001011011100
000100001101001100001100
000100001011001101000100
000100001001001110000011
000100000111001111000111
000100000101010000001110
000100000011010001010111
000100000001010010100001
000011111111010011101000
000011111101010100101100
000011111011010101101011
000011111001010110100011
000011110111010111010011
000011110101010111111001
000011110011011000010101
000011110001011000100100
000011101111011000100101
000011101101011000011001
000011101011010111111101
000011101001010111010001
000011100111010110010100
000011100101010101000111
000011100011010011101001
000011100001010001111001
000011011111001111111000
000011011101001101100110
000011011011001011000100
000011011001001000010011
000011010111000101010010
000011010101000010000010
000011010010111110100110
000011010000111010111110
000011001110110111001011
000011001100110011001110
000011001010101111001001
000011001000101010111110
000011000110100110101110
000011000100100010011011
000011000010011110000101
000011000000011001110000
000010111110010101011101
000010111100010001001101
000010111010001101000010
000010111000001000111101
000010110110000101000000
000010110100000001001101
000010110001111101100100
000010101111111010000111
000010101101110110110111
000010101011110011110101
000010101001110001000010
000010100111101110011110
000010100101101100001010
000010100011101010000111
000010100001101000010100
000010011111100110110010
000010011101100101100001
000010011011100100100000
000010011001100011101110
000010010111100011001101
000010010101100010111010
000010010011100010110100
000010010001100010111100
000010001111100011001111
000010001101100011101101
000010001011100100010100
000010001001100101000011
000010000111100101111000
000010000101100110110010
000010000011100111101111
000010000001101000101110
000001111111101001101101
000001111101101010101010
000001111011101011100100
000001111001101100011001
000001110111101101001000
000001110101101101101111
000001110011101110001101
000001110001101110100001
000001101111101110101001
000001101101101110100100
000001101011101110010001
000001101001101101110000
000001100111101101000000
000001100101101100000001
000001100011101010110001
000001100001101001010001
000001011111100111100000
000001011101100101100000
000001011011100011001111
000001011001100000101110
000001010111011101111111
000001010101011011000001
000001010011010111110101
000001010001010100011101
000001001111010000111010
000001001101001101001100
000001001011001001010101
000001001001000101010110
000001000111000001010001
000001000100111101000111
000001000010111000111010
000001000000110100101100
000000111110110000011101
000000111100101100010000
000000111010101000000111
000000111000100100000010
000000110110100000000011
000000110100011100001100
000000110010011000011110
000000110000010100111010
000000101110010001100010
000000101100001110010110
000000101010001011011000
000000101000001000101000
000000100110000110000111
000000100100000011110101
000000100010000001110100
000000100000000000000010
000000011101111110100001
000000011011111101010000
000000011001111100001111
000000010111111011011101
000000010101111010111011
000000010011111010100110
000000010001111010011111
000000001111111010100101
000000001101111010110110
000000001011111011010001
000000001001111011110101
000000000111111100100001
000000000101111101010100
000000000011111110001010
000000000001111111000100
000000000000000000000000
111111111110000000111100
111111111100000001110110
111111111010000010101100
111111111000000011011111
111111110110000100001011
111111110100000100101111
111111110010000101001010
111111110000000101011011
111111101110000101100001
111111101100000101011010
111111101010000101000101
111111101000000100100011
111111100110000011110001
111111100100000010110000
111111100010000001011111
111111011111111111111110
111111011101111110001100
111111011011111100001011
111111011001111001111001
111111010111110111011000
111111010101110100101000
111111010011110001101010
111111010001101110011110
111111001111101011000110
111111001101100111100010
111111001011100011110100
111111001001011111111101
111111000111011011111110
111111000101010111111001
111111000011010011110000
111111000001001111100011
111110111111001011010100
111110111101000111000110
111110111011000010111001
111110111000111110101111
111110110110111010101010
111110110100110110101011
111110110010110010110100
111110110000101111000110
111110101110101011100011
111110101100101000001011
111110101010100100111111
111110101000100010000001
111110100110011111010010
111110100100011100110001
111110100010011010100000
111110100000011000100000
111110011110010110101111
111110011100010101001111
111110011010010011111111
111110011000010011000000
111110010110010010010000
111110010100010001101111
111110010010010001011100
111110010000010001010111
111110001110010001011111
111110001100010001110011
111110001010010010010001
111110001000010010111000
111110000110010011100111
111110000100010100011100
111110000010010101010110
111110000000010110010011
111101111110010111010010
111101111100011000010001
111101111010011001001110
111101111000011010001000
111101110110011010111101
111101110100011011101100
111101110010011100010011
111101110000011100110001
111101101110011101000100
111101101100011101001100
111101101010011101000110
111101101000011100110011
111101100110011100010010
111101100100011011100000
111101100010011010011111
111101100000011001001110
111101011110010111101100
111101011100010101111001
111101011010010011110110
111101011000010001100010
111101010110001110111110
111101010100001100001011
111101010010001001001001
111101010000000101111001
111101001110000010011100
111101001011111110110011
111101001001111011000000
111101000111110111000011
111101000101110010111110
111101000011101110110011
111101000001101010100011
111100111111100110010000
111100111101100001111011
111100111011011101100101
111100111001011001010010
111100110111010101000010
111100110101010000110111
111100110011001100110010
111100110001001000110101
111100101111000101000010
111100101101000001011010
111100101010111101111110
111100101000111010101110
111100100110110111101101
111100100100110100111100
111100100010110010011010
111100100000110000001000
111100011110101110000111
111100011100101100010111
111100011010101010111001
111100011000101001101100
111100010110101000101111
111100010100101000000011
111100010010100111100111
111100010000100111011011
111100001110100111011100
111100001100100111101011
111100001010101000000111
111100001000101000101101
111100000110101001011101
111100000100101010010101
111100000010101011010100
111100000000101100011000
111011111110101101011111
111011111100101110101001
111011111010101111110010
111011111000110000111001
111011110110110001111101
111011110100110010111100
111011110010110011110100
111011110000110100100100
111011101110110101001010
111011101100110101100100
111011101010110101110011
111011101000110101110011
111011100110110101100101
111011100100110101000111
111011100010110100011001
111011100000110011011001
111011011110110010001000
111011011100110000100101
111011011010101110110001
111011011000101100101010
111011010110101010010010
111011010100100111101001
111011010010100100101111
111011010000100001100101
111011001110011110001100
111011001100011010100101
111011001010010110110001
111011001000010010110010
111011000110001110101000
111011000100001010010110
111011000010000101111101
111011000000000001011111
111010111101111100111101
111010111011111000011010
111010111001110011110110
111010110111101111010100
111010110101101010110110
111010110011100110011101
111010110001100010001011
111010101111011110000010
111010101101011010000011
111010101011010110010000
111010101001010010101011
111010100111001111010011
111010100101001100001011
111010100011001001010100
111010100001000110101110
111010011111000100011010
111010011101000010011000
111010011011000000101001
111010011000111111001101
111010010110111110000100
111010010100111101001101
111010010010111100101001
111010010000111100010110
111010001110111100010100
111010001100111100100010
111010001010111100111110
111010001000111101101000
111010000110111110011111
111010000100111111100000
111010000011000000101010
111010000001000001111011
111001111111000011010010
111001111101000100101101
111001111011000110001010
111001111001000111100111
111001110111001001000010
111001110101001010011001
111001110011001011101010
111001110001001100110100
111001101111001101110101
111001101101001110101010
111001101011001111010011
111001101001001111101110
111001100111001111111010
111001100101001111110101
111001100011001111011111
111001100001001110110110
111001011111001101111010
111001011101001100101011
111001011011001011000111
111001011001001001001111
111001010111000111000011
111001010101000100100011
111001010011000001110000
111001010000111110101010
111001001110111011010010
111001001100110111101001
111001001010110011110000
111001001000101111101001
111001000110101011010100
111001000100100110110100
111001000010100010001010
111001000000011101011001
111000111110011000100001
111000111100010011100110
111000111010001110101000
111000111000001001101010
111000110110000100101110
111000110011111111110111
111000110001111011000101
111000101111110110011100
111000101101110001111101
111000101011101101101001
111000101001101001100011
111000100111100101101100
111000100101100010000110
111000100011011110110001
111000100001011011110000
111000011111011001000010
111000011101010110101010
111000011011010100100110
111000011001010010111001
111000010111010001100001
111000010101010000011111
111000010011001111110010
111000010001001111011011
111000001111001111011000
111000001101001111101000
111000001011010000001011
111000001001010001000000
111000000111010010000100
111000000101010011010110
111000000011010100110101
111000000001010110011110
110111111111011000010000
110111111101011010001001
110111111011011100000110
110111111001011110000101
110111110111100000000101
110111110101100010000010
110111110011100011111010
110111110001100101101100
110111101111100111010101
110111101101101000110011
110111101011101010000101
110111101001101011000111
110111100111101011111000
110111100101101100011000
110111100011101100100100
110111100001101100011010
110111011111101011111011
110111011101101011000101
110111011011101001111000
110111011001101000010010
110111010111100110010101
110111010101100011111111
110111010011100001010010
110111010001011110001101
110111001111011010110010
110111001101010111000001
110111001011010010111100
110111001001001110100011
110111000111001001111001
110111000101000101000000
110111000010111111111000
110111000000111010100100
110110111110110101000111
110110111100101111100011
110110111010101001111010
110110111000100100001110
110110110110011110100010
110110110100011000111001
110110110010010011010100
110110110000001101110111
110110101110001000100101
110110101100000011011110
110110101001111110100110
110110100111111001111110
110110100101110101101001
110110100011110001101001
110110100001101101111111
110110011111101010101100
110110011101100111110010
110110011011100101010001
110110011001100011001011
110110010111100001100000
110110010101100000010000
110110010011011111011011
110110010001011111000001
110110001111011111000010
110110001101011111011100
110110001011100000001110
110110001001100001011000
110110000111100010110111
110110000101100100101010
110110000011100110101111
110110000001101001000100
110101111111101011100110
110101111101101110010100
110101111011110001001001
110101111001110100000100
110101110111110111000011
110101110101111010000001
110101110011111100111100
110101110001111111110001
110101110000000010011110
110101101110000100111111
110101101100000111010011
110101101010001001010110
110101101000001011000101
110101100110001100100000
110101100100001101100010
110101100010001110001100
110101100000001110011010
110101011110001110001100
110101011100001101100000
110101011010001100010101
110101011000001010101011
110101010110001000100010
110101010100000101111001
110101010010000010110001
110101001111111111001011
110101001101111011000111
110101001011110110100110
110101001001110001101010
110101000111101100010101
110101000101100110101001
110101000011100000101000
110101000001011010010100
110100111111010011110000
110100111101001101000000
110100111011000110000110
110100111000111111000101
110100110110111000000001
110100110100110000111101
110100110010101001111101
110100110000100011000011
110100101110011100010011
110100101100010101110001
110100101010001111011111
110100101000001001100010
110100100110000011111010
110100100011111110101101
110100100001111001111011
110100011111110101101000
110100011101110001110101
110100011011101110100100
110100011001101011110111
110100010111101001101110
110100010101101000001011
110100010011100111001110
110100010001100110110110
110100001111100111000101
110100001101100111111000
110100001011101001001111
110100001001101011001001
110100000111101101100011
110100000101110000011100
110100000011110011110010
110100000001110111100001
110011111111111011100110
110011111101111111111111
110011111100000100100111
110011111010001001011011
110011111000001110011000
110011110110010011011001
110011110100011000011001
110011110010011101010110
110011110000100010001010
110011101110100110110001
110011101100101011001000
110011101010101111001010
110011101000110010110011
110011100110110110000001
110011100100111000101110
110011100010111010111000
110011100000111100011100
110011011110111101011000
110011011100111101101000
110011011010111101001100
110011011000111100000010
110011010110111010001000
110011010100110111011110
110011010010110100000011
110011010000101111111001
110011001110101011000000
110011001100100101011000
110011001010011111000100
110011001000011000000111
110011000110010000100001
110011000100001000010111
110011000001111111101100
110010111111110110100100
110010111101101101000011
110010111011100011001101
110010111001011001001000
110010110111001110111000
110010110101000100100010
110010110010111010001101
110010110000101111111101
110010101110100101111000
110010101100011100000100
110010101010010010100110
110010101000001001100100
110010100110000001000011
110010100011111001001000
110010100001110001111000
110010011111101011010111
110010011101100101101010
110010011011100000110101
110010011001011100111010
110010010111011001111100
110010010101010111111111
110010010011010111000011
110010010001010111001001
110010001111011000010011
110010001101011010100000
110010001011011101101111
110010001001100001111110
110010000111100111001101
110010000101101101010111
110010000011110100011001
110010000001111100010000
110010000000000100110110
110001111110001110000110
110001111100010111111011
110001111010100010001110
110001111000101100110111
110001110110110111110001
110001110101000010110010
110001110011001101110011
110001110001011000101100
110001101111100011010100
110001101101101101100011
110001101011110111010001
110001101010000000010011
110001101000001000100011
110001100110001111111000
110001100100010110001010
110001100010011011010001
110001100000011111000110
110001011110100001100100
110001011100100010100011
110001011010100001111111
110001011000011111110010
110001010110011011111010
110001010100010110010100
110001010010001110111110
110001010000000101110111
110001001101111010111111
110001001011101110011000
110001001001100000000100
110001000111010000001000
110001000100111110101000
110001000010101011101010
110001000000010111010111
110000111110000001110110
110000111011101011010001
110000111001010011110101
110000110110111011101101
110000110100100011000110
110000110010001010010000
110000101111110001011010
110000101101011000110101
110000101011000000110010
110000101000101001100101
110000100110010011011111
110000100011111110110110
110000100001101011111110
110000011111011011001101
110000011101001100110111
110000011011000001010010
110000011000111000110110
110000010110110011110111
110000010100110010101101
110000010010110101101101
110000010000111101001100
110000001111001001100001
110000001101011011000001
110000001011110001111110
110000001010001110101110
110000001000110001100011
110000000111011010101110
110000000110001010100001
110000000101000001001011
110000000011111110111011
110000000011000011111101
110000000010010000011110
110000000001100100101000
110000000001000000100100
110000000000100100011001
110000000000010000001101
110000000000000100000100
